0 8 1 0.10944546033076184 2 0.04450417708762904 3 0.03318821187947882 7 0.03695304526271872 10 0.04006920951658828 11 0.01251851594528942 15 0.044981635150028204 43 0.031452624794297064 
1 12 0 0.10944546033076184 5 0.0073333443842099845 6 0.05073244626655448 8 0.03911459649311765 13 0.009450972380904471 14 0.045869981271848104 17 0.07448840414144454 19 0.08052495808640772 22 0.02017493114099324 23 0.019334466634204323 29 0.013113117639304062 49 0.036236685333492835 
2 7 0 0.04450417708762904 9 0.014766173195229649 10 0.02886896040925293 17 0.10067467650536989 21 0.0661172804475184 36 0.056274847856319 43 0.03319775492474613 
3 5 0 0.03318821187947882 4 0.07530845981919486 7 0.0113155312046139 11 0.039705601069691725 33 0.04222418665814351 
4 5 3 0.07530845981919486 18 0.04815290997419268 24 0.04653658736346283 27 0.08447918981650206 31 0.01704622121359861 
5 13 1 0.0073333443842099845 6 0.05431691409373454 8 0.04285419178883263 13 0.010035232399091376 14 0.04864526799286498 17 0.07416253406339475 19 0.07755121693976333 20 0.05692486601589021 22 0.024467873118094986 23 0.015183655685541865 29 0.009075412490945671 49 0.031501819289139144 50 0.04616544720907151 
6 8 1 0.05073244626655448 5 0.05431691409373454 8 0.011691491051423048 12 0.05107856320445521 16 0.05130789853820808 28 0.020711820312237134 38 0.04173406160358945 41 0.05053106663846874 
7 4 0 0.03695304526271872 3 0.0113155312046139 9 0.07928677015103013 11 0.042897665572840055 
8 10 1 0.03911459649311765 5 0.04285419178883263 6 0.011691491051423048 12 0.050641434116102245 13 0.04421142417235392 14 0.05140011065866488 16 0.04831436143854259 22 0.042275034318935076 28 0.012349071889105508 38 0.04474643257888088 
9 6 2 0.014766173195229649 7 0.07928677015103013 10 0.035201957845130326 21 0.061586184033794934 36 0.05774814227256139 43 0.044331594257840674 
10 4 0 0.04006920951658828 2 0.02886896040925293 9 0.035201957845130326 43 0.030280200585626617 
11 6 0 0.01251851594528942 3 0.039705601069691725 7 0.042897665572840055 12 0.059432290378728776 15 0.038276235446997216 43 0.026481337871392903 
12 10 6 0.05107856320445521 8 0.050641434116102245 11 0.059432290378728776 15 0.023698784742182986 27 0.06709687173370997 30 0.05118529999371705 38 0.032613546836132316 40 0.05659895763666546 41 0.038998132541914914 47 0.03463025732872208 
13 11 1 0.009450972380904471 5 0.010035232399091376 8 0.04421142417235392 17 0.07147879754290455 19 0.07833213164186442 20 0.055194917108989876 22 0.021973311139350922 23 0.01957530157331754 29 0.014007864015010436 49 0.030991216835350895 50 0.04662689707084819 
14 6 1 0.045869981271848104 5 0.04864526799286498 8 0.05140011065866488 16 0.029485797208733018 26 0.03932056909147378 42 0.03184486955239218 
15 6 0 0.044981635150028204 11 0.038276235446997216 12 0.023698784742182986 27 0.06822467992335442 33 0.05219910621582781 47 0.037877041876028576 
16 5 6 0.05130789853820808 8 0.04831436143854259 14 0.029485797208733018 38 0.02704999452959707 40 0.05180758463895328 
17 11 1 0.07448840414144454 2 0.10067467650536989 5 0.07416253406339475 13 0.07147879754290455 19 0.0436940025646382 20 0.018589495241853674 21 0.05807888397702479 25 0.057658230295960615 34 0.04327005272210019 36 0.060742687168299635 37 0.0423091372365767 
18 6 4 0.04815290997419268 32 0.02577075479856728 35 0.05290960905551286 39 0.060245542231152686 45 0.04198985150673159 46 0.04870306598974125 
19 9 1 0.08052495808640772 5 0.07755121693976333 13 0.07833213164186442 17 0.0436940025646382 20 0.03775492598937288 25 0.033399699196717814 34 0.05919873059622557 37 0.04165886573695668 50 0.0347087886849175 
20 9 5 0.05692486601589021 13 0.055194917108989876 17 0.018589495241853674 19 0.03775492598937288 21 0.06965125251423608 25 0.055168997811167866 37 0.04541825360869968 49 0.03764025278612366 50 0.02995589226648289 
21 5 2 0.0661172804475184 9 0.061586184033794934 17 0.05807888397702479 20 0.06965125251423608 36 0.027048505720692565 
22 6 1 0.02017493114099324 5 0.024467873118094986 8 0.042275034318935076 13 0.021973311139350922 23 0.033268309907718424 28 0.03409641663291364 
23 6 1 0.019334466634204323 5 0.015183655685541865 13 0.01957530157331754 22 0.033268309907718424 28 0.034785881351305614 29 0.00857824683313921 
24 3 4 0.04653658736346283 31 0.05643580111326878 44 0.01234757460999873 
25 5 17 0.057658230295960615 19 0.033399699196717814 20 0.055168997811167866 34 0.04721219908421477 37 0.02639870621265027 
26 2 14 0.03932056909147378 42 0.01603944491804199 
27 7 4 0.08447918981650206 12 0.06709687173370997 15 0.06822467992335442 30 0.02699289811116804 33 0.05242331622307933 41 0.047333512708377205 47 0.04861446981776716 
28 4 6 0.020711820312237134 8 0.012349071889105508 22 0.03409641663291364 23 0.034785881351305614 
29 5 1 0.013113117639304062 5 0.009075412490945671 13 0.014007864015010436 23 0.00857824683313921 49 0.036267264122519946 
30 5 12 0.05118529999371705 27 0.02699289811116804 33 0.03633014526608957 40 0.04163993566069813 41 0.04286488495419532 
31 3 4 0.01704622121359861 24 0.05643580111326878 44 0.05615881255502042 
32 5 18 0.02577075479856728 35 0.0357692885540817 39 0.0565770403065255 45 0.031137208165235828 46 0.047043249380151246 
33 5 3 0.04222418665814351 15 0.05219910621582781 27 0.05242331622307933 30 0.03633014526608957 40 0.056003687341976534 
34 4 17 0.04327005272210019 19 0.05919873059622557 25 0.04721219908421477 37 0.021107949724267973 
35 4 18 0.05290960905551286 32 0.0357692885540817 39 0.03865476053029885 45 0.05846418708557147 
36 4 2 0.056274847856319 9 0.05774814227256139 17 0.060742687168299635 21 0.027048505720692565 
37 5 17 0.0423091372365767 19 0.04165886573695668 20 0.04541825360869968 25 0.02639870621265027 34 0.021107949724267973 
38 6 6 0.04173406160358945 8 0.04474643257888088 12 0.032613546836132316 16 0.02704999452959707 40 0.044964554023690276 41 0.033689799214707515 
39 5 18 0.060245542231152686 32 0.0565770403065255 35 0.03865476053029885 46 0.013433821931515695 48 0.019686105828931825 
40 5 12 0.05659895763666546 16 0.05180758463895328 30 0.04163993566069813 33 0.056003687341976534 38 0.044964554023690276 
41 6 6 0.05053106663846874 12 0.038998132541914914 27 0.047333512708377205 30 0.04286488495419532 38 0.033689799214707515 47 0.03926481781111083 
42 2 14 0.03184486955239218 26 0.01603944491804199 
43 5 0 0.031452624794297064 2 0.03319775492474613 9 0.044331594257840674 10 0.030280200585626617 11 0.026481337871392903 
44 2 24 0.01234757460999873 31 0.05615881255502042 
45 3 18 0.04198985150673159 32 0.031137208165235828 35 0.05846418708557147 
46 4 18 0.04870306598974125 32 0.047043249380151246 39 0.013433821931515695 48 0.02637987880406789 
47 4 12 0.03463025732872208 15 0.037877041876028576 27 0.04861446981776716 41 0.03926481781111083 
48 2 39 0.019686105828931825 46 0.02637987880406789 
49 6 1 0.036236685333492835 5 0.031501819289139144 13 0.030991216835350895 20 0.03764025278612366 29 0.036267264122519946 50 0.03363714795464843 
50 5 5 0.04616544720907151 13 0.04662689707084819 19 0.0347087886849175 20 0.02995589226648289 49 0.03363714795464843 
-
0 0
1 1 0.06963470319634703 0.5205479452054794
2 0
3 2 0.0 0.021689497716894976 0.6118721461187214 0.704337899543379
4 0
5 3 0.08561643835616438 0.1232876712328767 0.3458904109589041 0.3641552511415525 0.3675799086757991 0.476027397260274
6 0
7 1 0.0 0.017123287671232876
8 0
9 0
10 0
11 1 0.0 0.00228310502283105
12 0
13 2 0.07420091324200913 0.12100456621004566 0.3698630136986301 0.5102739726027398
14 0
15 1 0.00684931506849315 0.0182648401826484
16 0
17 0
18 1 0.08561643835616438 0.4794520547945205
19 0
20 0
21 0
22 1 0.00684931506849315 0.01141552511415525
23 2 0.08447488584474885 0.11643835616438356 0.3835616438356164 0.4805936073059361
24 0
25 1 0.06506849315068493 0.54337899543379
26 0
27 0
28 1 0.11301369863013698 0.1187214611872146
29 2 0.06621004566210045 0.365296803652968 0.3675799086757991 0.5319634703196348
30 0
31 0
32 3 0.04908675799086758 0.10388127853881278 0.4280821917808219 0.6015981735159818 0.7625570776255708 0.7819634703196348
33 0
34 0
35 0
36 0
37 3 0.02054794520547945 0.04908675799086758 0.7191780821917808 0.7545662100456622 0.79337899543379 0.8687214611872146
38 0
39 0
40 0
41 0
42 0
43 0
44 0
45 0
46 0
47 0
48 0
49 0
50 2 0.04452054794520548 0.12442922374429223 0.3436073059360731 0.591324200913242
-
