0 12 1 0.10944546033076184 2 0.04450417708762904 3 0.03318821187947882 7 0.03695304526271872 10 0.04006920951658828 11 0.01251851594528942 15 0.044981635150028204 43 0.031452624794297064 58 0.0054538502840884035 73 0.034668587365041484 75 0.04454358563912736 81 0.05332307818510937 
1 19 0 0.10944546033076184 5 0.0073333443842099845 6 0.05073244626655448 8 0.03911459649311765 13 0.009450972380904471 14 0.045869981271848104 17 0.07448840414144454 19 0.08052495808640772 22 0.02017493114099324 23 0.019334466634204323 29 0.013113117639304062 49 0.036236685333492835 52 0.04911045467559979 57 0.03620874541869604 61 0.02025053917283706 74 0.032266366457889877 87 0.03285764472482322 130 0.027108291895730934 187 0.025277387251588387 
2 13 0 0.04450417708762904 9 0.014766173195229649 10 0.02886896040925293 17 0.10067467650536989 21 0.0661172804475184 36 0.056274847856319 43 0.03319775492474613 80 0.050589024546149275 96 0.025320379951180364 101 0.037847385346289786 124 0.032389529490420926 135 0.026318795993097194 159 0.03986035629614008 
3 10 0 0.03318821187947882 4 0.07530845981919486 7 0.0113155312046139 11 0.039705601069691725 33 0.04222418665814351 58 0.03504371389721802 75 0.03620108216205868 81 0.04578979751195425 100 0.03271246127957249 156 0.035286712550071056 
4 11 3 0.07530845981919486 18 0.04815290997419268 24 0.04653658736346283 27 0.08447918981650206 31 0.01704622121359861 86 0.025087906252720928 102 0.042473972874389934 122 0.013885708305046452 162 0.041368990467372795 166 0.05444245231184532 172 0.04271489769228034 
5 19 1 0.0073333443842099845 6 0.05431691409373454 8 0.04285419178883263 13 0.010035232399091376 14 0.04864526799286498 17 0.07416253406339475 19 0.07755121693976333 20 0.05692486601589021 22 0.024467873118094986 23 0.015183655685541865 29 0.009075412490945671 49 0.031501819289139144 50 0.04616544720907151 57 0.03989027797440302 61 0.024706899676321864 72 0.041134727078683604 74 0.031922097987244276 87 0.03541379940266699 130 0.02933860201536037 
6 14 1 0.05073244626655448 5 0.05431691409373454 8 0.011691491051423048 12 0.05107856320445521 16 0.05130789853820808 28 0.020711820312237134 38 0.04173406160358945 41 0.05053106663846874 51 0.05006754243781088 56 0.03925735312675855 67 0.0398778945398789 120 0.02220145605985886 137 0.02753340643398094 169 0.019945717927925377 
7 9 0 0.03695304526271872 3 0.0113155312046139 9 0.07928677015103013 11 0.042897665572840055 58 0.039923607429465637 75 0.02772753776538418 81 0.037155525110829465 100 0.025151133445228714 165 0.03567008977710479 
8 17 1 0.03911459649311765 5 0.04285419178883263 6 0.011691491051423048 12 0.050641434116102245 13 0.04421142417235392 14 0.05140011065866488 16 0.04831436143854259 22 0.042275034318935076 28 0.012349071889105508 38 0.04474643257888088 56 0.050442129752193296 61 0.024430097971584634 67 0.03640302196361493 120 0.01644142101543724 137 0.019924768593013495 169 0.01663417747755708 187 0.015276098951769753 
9 11 2 0.014766173195229649 7 0.07928677015103013 10 0.035201957845130326 21 0.061586184033794934 36 0.05774814227256139 43 0.044331594257840674 96 0.012783502234330708 101 0.02806555716862518 124 0.03318715636039548 135 0.02734989022831132 159 0.03702902788373991 
10 9 0 0.04006920951658828 2 0.02886896040925293 9 0.035201957845130326 43 0.030280200585626617 75 0.02863696835107665 81 0.03043812718933433 96 0.04754656380043328 159 0.026415719194502762 165 0.03846334691659367 
11 9 0 0.01251851594528942 3 0.039705601069691725 7 0.042897665572840055 12 0.059432290378728776 15 0.038276235446997216 43 0.026481337871392903 58 0.01103160512589179 73 0.02391727689094625 165 0.0382467808682474 
12 17 6 0.05107856320445521 8 0.050641434116102245 11 0.059432290378728776 15 0.023698784742182986 27 0.06709687173370997 30 0.05118529999371705 38 0.032613546836132316 40 0.05659895763666546 41 0.038998132541914914 47 0.03463025732872208 51 0.04410751321645398 52 0.03991899367682794 64 0.02048450098253313 99 0.04350357225724242 136 0.03174415913362196 142 0.030725343565061077 177 0.0375367896822156 
13 12 1 0.009450972380904471 5 0.010035232399091376 8 0.04421142417235392 17 0.07147879754290455 19 0.07833213164186442 20 0.055194917108989876 22 0.021973311139350922 23 0.01957530157331754 29 0.014007864015010436 49 0.030991216835350895 50 0.04662689707084819 130 0.033357521207898644 
14 13 1 0.045869981271848104 5 0.04864526799286498 8 0.05140011065866488 16 0.029485797208733018 26 0.03932056909147378 42 0.03184486955239218 63 0.03544911083492824 67 0.027651230477906536 74 0.030572347412151292 87 0.029229321816308183 130 0.027558137437426678 170 0.03431243121967658 189 0.03374359182811452 
15 10 0 0.044981635150028204 11 0.038276235446997216 12 0.023698784742182986 27 0.06822467992335442 33 0.05219910621582781 47 0.037877041876028576 52 0.04276424220881154 64 0.038874416104916105 142 0.04183937712596446 177 0.01915969447472573 
16 10 6 0.05130789853820808 8 0.04831436143854259 14 0.029485797208733018 38 0.02704999452959707 40 0.05180758463895328 64 0.038059612872186586 67 0.012860313338359122 99 0.028616941622543537 186 0.04726861911757938 189 0.018086034319232377 
17 17 1 0.07448840414144454 2 0.10067467650536989 5 0.07416253406339475 13 0.07147879754290455 19 0.0436940025646382 20 0.018589495241853674 21 0.05807888397702479 25 0.057658230295960615 34 0.04327005272210019 36 0.060742687168299635 37 0.0423091372365767 60 0.03914298242762001 62 0.03841130079115612 65 0.04358230664873404 72 0.03649053177661833 76 0.021656884525785878 114 0.030320199302005756 
18 13 4 0.04815290997419268 32 0.02577075479856728 35 0.05290960905551286 39 0.060245542231152686 45 0.04198985150673159 46 0.04870306598974125 71 0.01930581840912625 97 0.061971532647527874 98 0.03289841114727944 109 0.03810041989496292 110 0.029758487039725365 126 0.019233293633263024 166 0.0530390371719259 
19 12 1 0.08052495808640772 5 0.07755121693976333 13 0.07833213164186442 17 0.0436940025646382 20 0.03775492598937288 25 0.033399699196717814 34 0.05919873059622557 37 0.04165886573695668 50 0.0347087886849175 60 0.021144152041624058 114 0.01983971475068061 127 0.012705333112182499 
20 13 5 0.05692486601589021 13 0.055194917108989876 17 0.018589495241853674 19 0.03775492598937288 21 0.06965125251423608 25 0.055168997811167866 37 0.04541825360869968 49 0.03764025278612366 50 0.02995589226648289 60 0.03866256389397214 62 0.04045238371333174 72 0.01915148958331272 76 0.03282544370863266 
21 13 2 0.0661172804475184 9 0.061586184033794934 17 0.05807888397702479 20 0.06965125251423608 36 0.027048505720692565 54 0.051691770440426006 62 0.04004179867376688 65 0.03561672794697914 82 0.01912953007052221 125 0.026845012796334177 149 0.014347543626492673 155 0.026922455729305995 181 0.02407289207866372 
22 14 1 0.02017493114099324 5 0.024467873118094986 8 0.042275034318935076 13 0.021973311139350922 23 0.033268309907718424 28 0.03409641663291364 52 0.03723694140913601 57 0.024401898117534192 61 0.021104601753406227 72 0.04052245340805701 120 0.03660894326409044 123 0.028321997935527986 137 0.03338608579217647 185 0.014594683930335936 
23 6 1 0.019334466634204323 5 0.015183655685541865 13 0.01957530157331754 22 0.033268309907718424 28 0.034785881351305614 29 0.00857824683313921 
24 13 4 0.04653658736346283 31 0.05643580111326878 44 0.01234757460999873 54 0.056383288749350134 55 0.04452459690679383 83 0.02793231313204209 86 0.04189788932990161 89 0.050881446650748265 102 0.019031751399583817 122 0.03352002509744435 147 0.02943754931409428 160 0.026751613465177914 172 0.03696975280732017 
25 14 17 0.057658230295960615 19 0.033399699196717814 20 0.055168997811167866 34 0.04721219908421477 37 0.02639870621265027 60 0.01993483322578983 66 0.027970765262681815 68 0.035748056987000315 91 0.05972173705991236 108 0.05605598528086934 114 0.030928561347034512 116 0.04219018616092214 127 0.02479354091172783 182 0.01860754092167056 
26 11 14 0.03932056909147378 42 0.01603944491804199 63 0.013957379569989789 70 0.019011692431889833 88 0.04309515705014293 111 0.04312359784276187 115 0.04819351567662998 119 0.03792035047870331 141 0.030190056046665113 170 0.011652052872991744 183 0.027347183839128163 
27 12 4 0.08447918981650206 12 0.06709687173370997 15 0.06822467992335442 30 0.02699289811116804 33 0.05242331622307933 41 0.047333512708377205 47 0.04861446981776716 59 0.04708810040291364 71 0.053290784397959326 98 0.04203138408776838 133 0.0451670488884606 179 0.02706465451777615 
28 10 6 0.020711820312237134 8 0.012349071889105508 22 0.03409641663291364 23 0.034785881351305614 61 0.01738805086061207 120 0.01487922775195056 137 0.01879362145195413 169 0.016963057016963573 185 0.024298741089276155 187 0.01775129921589912 
29 7 1 0.013113117639304062 5 0.009075412490945671 13 0.014007864015010436 23 0.00857824683313921 49 0.036267264122519946 74 0.037096491264115995 130 0.033244127321730106 
30 9 12 0.05118529999371705 27 0.02699289811116804 33 0.03633014526608957 40 0.04163993566069813 41 0.04286488495419532 59 0.024868800814052742 94 0.04490591483175943 148 0.02866834743134336 177 0.03891032186618293 
31 7 4 0.01704622121359861 24 0.05643580111326878 44 0.05615881255502042 86 0.02416830164123217 122 0.025975023998904365 162 0.03678136858154832 166 0.05634943298311922 
32 12 18 0.02577075479856728 35 0.0357692885540817 39 0.0565770403065255 45 0.031137208165235828 46 0.047043249380151246 53 0.08622163280295067 71 0.04219703311267738 85 0.053604349979348605 97 0.04677801552373863 109 0.032810633469719394 110 0.02238279292096661 126 0.0238367025891031 
33 9 3 0.04222418665814351 15 0.05219910621582781 27 0.05242331622307933 30 0.03633014526608957 40 0.056003687341976534 59 0.021324333743488504 94 0.03807042026596268 156 0.009362322893219902 177 0.033196437020478725 
34 9 17 0.04327005272210019 19 0.05919873059622557 25 0.04721219908421477 37 0.021107949724267973 66 0.05713470789165656 68 0.02297112842924682 78 0.026956308146298468 103 0.0542425745249432 188 0.009781869293497412 
35 9 18 0.05290960905551286 32 0.0357692885540817 39 0.03865476053029885 45 0.05846418708557147 53 0.06138770568796454 77 0.046758114406914235 85 0.05064253461859474 109 0.02295364117782535 117 0.049552757057524356 
36 17 2 0.056274847856319 9 0.05774814227256139 17 0.060742687168299635 21 0.027048505720692565 54 0.05100814665649347 55 0.03480736732164728 62 0.027602424389363056 65 0.033558992691483845 69 0.039780025158834414 82 0.029541543041921834 83 0.05408919840026312 125 0.02767338885246678 135 0.030837114066923844 149 0.023374354680869118 155 0.019026928707111215 168 0.05301634355077428 181 0.027821129025669303 
37 14 17 0.0423091372365767 19 0.04165886573695668 20 0.04541825360869968 25 0.02639870621265027 34 0.021107949724267973 60 0.021561426919663014 66 0.040916381592824624 68 0.017327160181798053 78 0.04377881734337533 91 0.06908920558209347 114 0.02670783808069202 127 0.0298666371728796 182 0.03183219074183179 188 0.028819312285021853 
38 15 6 0.04173406160358945 8 0.04474643257888088 12 0.032613546836132316 16 0.02704999452959707 40 0.044964554023690276 41 0.033689799214707515 51 0.04169034674896567 56 0.044628616287991134 64 0.018425420222259473 67 0.02566327411165793 99 0.02424547287594768 112 0.03480578577355697 133 0.04372965095927862 136 0.017289401813930634 148 0.03919384960406437 
39 13 18 0.060245542231152686 32 0.0565770403065255 35 0.03865476053029885 46 0.013433821931515695 48 0.019686105828931825 53 0.08210372018499774 77 0.026518519399430295 92 0.04312529047964163 105 0.026948099756336573 109 0.028185788731944425 121 0.029343612286825707 129 0.03210066656623227 131 0.03886692202388078 
40 10 12 0.05659895763666546 16 0.05180758463895328 30 0.04163993566069813 33 0.056003687341976534 38 0.044964554023690276 59 0.03691202142322304 94 0.032606455588344456 99 0.024699907569778638 148 0.017189537915905297 186 0.024077395037883514 
41 13 6 0.05053106663846874 12 0.038998132541914914 27 0.047333512708377205 30 0.04286488495419532 38 0.033689799214707515 47 0.03926481781111083 51 0.010812271742657621 56 0.030947293289152963 64 0.024313098502352394 112 0.006449163634430373 133 0.018409110955425117 136 0.01873637072420994 179 0.032916630364528215 
42 11 14 0.03184486955239218 26 0.01603944491804199 63 0.008391653602132473 70 0.013479820093096487 88 0.04313721195606553 111 0.030555412814620524 119 0.023679139027644427 141 0.03744611021258785 170 0.00825501709455764 175 0.036860429643876765 183 0.027907504673753268 
43 12 0 0.031452624794297064 2 0.03319775492474613 9 0.044331594257840674 10 0.030280200585626617 11 0.026481337871392903 54 0.06852652495452781 58 0.034108764727966326 73 0.031060688136264072 75 0.04804640790680984 96 0.053691469246772774 135 0.03514221727410459 165 0.027880215418626002 
44 12 24 0.01234757460999873 31 0.05615881255502042 54 0.06012145323236235 79 0.04322843331559242 83 0.034013294843841836 86 0.04526050547960128 89 0.04165675932693057 102 0.02901763810941732 122 0.034179272956247966 147 0.03064103309155762 160 0.035572336929465216 172 0.027484902695900246 
45 8 18 0.04198985150673159 32 0.031137208165235828 35 0.05846418708557147 85 0.04452844263115528 97 0.021831968696868254 110 0.029150393404828476 172 0.03961683333672009 173 0.03826720782879028 
46 17 18 0.04870306598974125 32 0.047043249380151246 39 0.013433821931515695 48 0.02637987880406789 53 0.0875475812836766 71 0.04641283818600938 77 0.030945171906694813 85 0.05325252188245835 92 0.052622808516709696 105 0.021881730071015175 109 0.02258535482649558 110 0.03149191664569133 121 0.0190612076129228 129 0.022380056219719755 131 0.05122325894677894 139 0.039803572655186616 190 0.026662437911415458 
47 8 12 0.03463025732872208 15 0.037877041876028576 27 0.04861446981776716 41 0.03926481781111083 51 0.03862229869285709 142 0.024240253747543135 162 0.03417401275787041 179 0.02822981263778337 
48 8 39 0.019686105828931825 46 0.02637987880406789 53 0.08962742779985186 77 0.023622702077888778 92 0.0294093925767234 105 0.029951581233633975 131 0.032218715405468584 190 0.03073283916075571 
49 6 1 0.036236685333492835 5 0.031501819289139144 13 0.030991216835350895 20 0.03764025278612366 29 0.036267264122519946 50 0.03363714795464843 
50 8 5 0.04616544720907151 13 0.04662689707084819 19 0.0347087886849175 20 0.02995589226648289 49 0.03363714795464843 66 0.05129664306867103 72 0.02662706779849857 116 0.028339428255433872 
51 12 6 0.05006754243781088 12 0.04410751321645398 38 0.04169034674896567 41 0.010812271742657621 47 0.03862229869285709 56 0.02951670973239769 64 0.03291813142916475 112 0.013226516913586582 133 0.021757322063807982 136 0.028488010741447543 142 0.04217579236401676 179 0.0310348526009089 
52 10 1 0.04911045467559979 12 0.03991899367682794 15 0.04276424220881154 22 0.03723694140913601 57 0.013729849022390323 69 0.04464662325946468 73 0.03406535511825485 84 0.028491280451261546 123 0.01532418236351576 142 0.04177035826862432 
53 8 32 0.08622163280295067 35 0.06138770568796454 39 0.08210372018499774 46 0.0875475812836766 48 0.08962742779985186 117 0.026816376498913653 154 0.05471225441288219 167 0.06816192957258783 
54 12 21 0.051691770440426006 24 0.056383288749350134 36 0.05100814665649347 43 0.06852652495452781 44 0.06012145323236235 55 0.030896545864326462 82 0.04825129396373986 83 0.03213960868874835 143 0.04729392616296944 147 0.030240805793625796 160 0.040943035349278636 168 0.026791824626460726 
55 9 24 0.04452459690679383 36 0.03480736732164728 54 0.030896545864326462 82 0.049614459906384245 83 0.023980409847224608 102 0.05253411020235215 149 0.04656834482022587 160 0.038591002616461645 168 0.04849372485858976 
56 7 6 0.03925735312675855 8 0.050442129752193296 38 0.044628616287991134 41 0.030947293289152963 51 0.02951670973239769 112 0.035838163148358505 133 0.03179254044999523 
57 7 1 0.03620874541869604 5 0.03989027797440302 22 0.024401898117534192 52 0.013729849022390323 84 0.029878768003446413 123 0.011698636039835966 185 0.024500176129113063 
58 7 0 0.0054538502840884035 3 0.03504371389721802 7 0.039923607429465637 11 0.01103160512589179 43 0.034108764727966326 73 0.032519582031878096 75 0.04943954330651834 
59 9 27 0.04708810040291364 30 0.024868800814052742 33 0.021324333743488504 40 0.03691202142322304 94 0.025149397656740603 148 0.034101224585728174 156 0.030050606499762572 177 0.03626027791786699 186 0.044660526505798374 
60 10 17 0.03914298242762001 19 0.021144152041624058 20 0.03866256389397214 25 0.01993483322578983 37 0.021561426919663014 66 0.04065581819216025 68 0.028702049872779876 114 0.01102458421199561 127 0.009536306842700109 182 0.03411594976514183 
61 13 1 0.02025053917283706 5 0.024706899676321864 8 0.024430097971584634 22 0.021104601753406227 28 0.01738805086061207 74 0.038100484859105985 87 0.03671434652986965 120 0.021612571383328158 123 0.02532381726163692 137 0.018943734735641968 169 0.025749865422988433 185 0.014805762059196873 187 0.015926126270778735 
62 10 17 0.03841130079115612 20 0.04045238371333174 21 0.04004179867376688 36 0.027602424389363056 65 0.02111861125457177 69 0.02718466366035324 82 0.043600910467943836 84 0.0275792941813144 125 0.020238790611765735 149 0.038128156044349756 
63 10 14 0.03544911083492824 26 0.013957379569989789 42 0.008391653602132473 70 0.012292425799225527 88 0.04090182175741593 111 0.033984344468786495 119 0.02936053972422742 141 0.03328562815426247 170 0.003674931541136069 183 0.021190170542086415 
64 12 12 0.02048450098253313 15 0.038874416104916105 16 0.038059612872186586 38 0.018425420222259473 41 0.024313098502352394 51 0.03291813142916475 67 0.038627579790529415 99 0.031475933620330514 112 0.025734688290736465 133 0.03883656352032365 136 0.011660224422141006 148 0.03497706823486039 
65 13 17 0.04358230664873404 21 0.03561672794697914 36 0.033558992691483845 62 0.02111861125457177 69 0.02277948253868457 76 0.03374051346701475 80 0.04626850836664805 82 0.047799112747581946 96 0.05295933124069153 125 0.026564333957385413 149 0.04136961615910056 155 0.03232003264900976 181 0.016273790997945094 
66 11 25 0.027970765262681815 34 0.05713470789165656 37 0.040916381592824624 50 0.05129664306867103 60 0.04065581819216025 90 0.07006917837545101 91 0.044082786124782426 93 0.06868654768593954 108 0.034450013812531516 116 0.029259436554240174 182 0.01306112040920242 
67 10 6 0.0398778945398789 8 0.03640302196361493 14 0.027651230477906536 16 0.012860313338359122 38 0.02566327411165793 64 0.038627579790529415 99 0.03647149647854713 120 0.035798292720195295 169 0.027917996530108454 189 0.014757927147588222 
68 9 25 0.035748056987000315 34 0.02297112842924682 37 0.017327160181798053 60 0.028702049872779876 78 0.042631559099912265 116 0.04312585421597635 127 0.0356649810197909 182 0.036608513669233775 188 0.0322493088572249 
69 7 36 0.039780025158834414 52 0.04464662325946468 62 0.02718466366035324 65 0.02277948253868457 73 0.035828905872635326 80 0.03177109597437441 84 0.03217172044163053 
70 10 26 0.019011692431889833 42 0.013479820093096487 63 0.012292425799225527 88 0.03000200156606504 111 0.026064860374306657 115 0.044962382581812455 119 0.024497835151567518 141 0.026384794695328614 170 0.014550715143236833 183 0.020361371259972543 
71 9 18 0.01930581840912625 27 0.053290784397959326 32 0.04219703311267738 46 0.04641283818600938 98 0.014547026117169569 121 0.033729505873059784 126 0.030111580884304393 129 0.03136879732123331 166 0.045648608155232445 
72 5 5 0.041134727078683604 17 0.03649053177661833 20 0.01915148958331272 22 0.04052245340805701 50 0.02662706779849857 
73 8 0 0.034668587365041484 11 0.02391727689094625 43 0.031060688136264072 52 0.03406535511825485 58 0.032519582031878096 69 0.035828905872635326 80 0.04811949720803771 84 0.03621576565698638 
74 8 1 0.032266366457889877 5 0.031922097987244276 14 0.030572347412151292 29 0.037096491264115995 61 0.038100484859105985 87 0.014450204384694009 116 0.0408875053917965 130 0.019334065752042887 
75 9 0 0.04454358563912736 3 0.03620108216205868 7 0.02772753776538418 10 0.02863696835107665 43 0.04804640790680984 58 0.04943954330651834 81 0.010118795087092803 100 0.040962992681975834 165 0.04020075349998985 
76 4 17 0.021656884525785878 20 0.03282544370863266 65 0.03374051346701475 114 0.028180644829583285 
77 14 35 0.046758114406914235 39 0.026518519399430295 46 0.030945171906694813 48 0.023622702077888778 85 0.03683269514188661 92 0.033362576551862505 104 0.02766115631459285 105 0.019421232374948496 117 0.0472917788741597 131 0.03952421172969086 138 0.04190571889347827 152 0.030729865272356577 154 0.05019878601180781 190 0.02196008869007751 
78 12 34 0.026956308146298468 37 0.04377881734337533 68 0.042631559099912265 90 0.07540429690680289 93 0.07364326417228091 95 0.07051549328930296 103 0.029186730578608214 106 0.04547350927027376 107 0.037534262346447744 113 0.027979838802515075 144 0.04257587679655214 188 0.026945365720120983 
79 6 44 0.04322843331559242 89 0.013111993715445837 128 0.0366317676756048 143 0.029192119321613447 174 0.02000684035834895 178 0.03778804809807706 
80 6 2 0.050589024546149275 65 0.04626850836664805 69 0.03177109597437441 73 0.04811949720803771 101 0.05664413725011706 124 0.030483925388668343 
81 6 0 0.05332307818510937 3 0.04578979751195425 7 0.037155525110829465 10 0.03043812718933433 75 0.010118795087092803 163 0.06198475870826359 
82 9 21 0.01912953007052221 36 0.029541543041921834 54 0.04825129396373986 55 0.049614459906384245 62 0.043600910467943836 65 0.047799112747581946 125 0.028469724261654797 149 0.007548114794175701 168 0.03501673632878265 
83 11 24 0.02793231313204209 36 0.05408919840026312 44 0.034013294843841836 54 0.03213960868874835 55 0.023980409847224608 89 0.050474427170391724 102 0.03538359920098169 143 0.04775927583294408 147 0.014429888566805991 160 0.020698960518647683 168 0.055003650812660204 
84 5 52 0.028491280451261546 57 0.029878768003446413 62 0.0275792941813144 69 0.03217172044163053 73 0.03621576565698638 
85 15 32 0.053604349979348605 35 0.05064253461859474 45 0.04452844263115528 46 0.05325252188245835 77 0.03683269514188661 97 0.032222542504202624 104 0.03368429222860894 105 0.03433962098969722 117 0.04841488908787426 138 0.03117147940389491 152 0.031317269516205865 154 0.03920317843986177 163 0.0691665230115837 167 0.057869071345551706 173 0.0070597189775726535 
86 8 4 0.025087906252720928 24 0.04189788932990161 31 0.02416830164123217 44 0.04526050547960128 102 0.038617080369417425 122 0.024843238752429678 162 0.02537654945466376 172 0.04528534161853041 
87 8 1 0.03285764472482322 5 0.03541379940266699 14 0.029229321816308183 61 0.03671434652986965 74 0.014450204384694009 116 0.04105872025442426 130 0.01732132600690876 175 0.02828330847041271 
88 12 26 0.04309515705014293 42 0.04313721195606553 63 0.04090182175741593 70 0.03000200156606504 90 0.056200783922719155 93 0.07694680737960714 111 0.036128464220174565 115 0.026134806770358763 141 0.020523813022414197 145 0.045573372730762354 164 0.0437861158173715 183 0.0307646313894162 
89 8 24 0.050881446650748265 44 0.04165675932693057 79 0.013111993715445837 83 0.050474427170391724 128 0.043443020898208624 143 0.025551513837427008 147 0.03944972037581669 174 0.014271744650440297 
90 13 66 0.07006917837545101 78 0.07540429690680289 88 0.056200783922719155 91 0.03889584108813761 93 0.023161370903956546 95 0.03165705863417914 108 0.039219734486247784 115 0.047475175091411095 118 0.02946177007571324 140 0.042996351048242565 145 0.02455498862103771 150 0.017311234875006187 153 0.04295782516146311 
91 11 25 0.05972173705991236 37 0.06908920558209347 66 0.044082786124782426 90 0.03889584108813761 93 0.03403777566643616 95 0.051796750325830206 108 0.016576387172605792 115 0.05203551374275805 145 0.031017087362178782 153 0.021669153925530277 164 0.04399114051851644 
92 6 39 0.04312529047964163 46 0.052622808516709696 48 0.0294093925767234 77 0.033362576551862505 117 0.05619182686412792 131 0.019703975862187337 
93 12 66 0.06868654768593954 78 0.07364326417228091 88 0.07694680737960714 90 0.023161370903956546 91 0.03403777566643616 95 0.018675364618115853 108 0.04075644252845106 118 0.04029566851465079 140 0.04730895181320874 145 0.03626021282622747 150 0.02852611868953114 153 0.029466035186630823 
94 5 30 0.04490591483175943 33 0.03807042026596268 40 0.032606455588344456 59 0.025149397656740603 186 0.03627110292577522 
95 8 78 0.07051549328930296 90 0.03165705863417914 91 0.051796750325830206 93 0.018675364618115853 118 0.04221077292860887 140 0.03452057232742914 150 0.026622555516065193 153 0.046667350685784106 
96 7 2 0.025320379951180364 9 0.012783502234330708 10 0.04754656380043328 43 0.053691469246772774 65 0.05295933124069153 101 0.01967158307332646 135 0.028042353345515764 
97 6 18 0.061971532647527874 32 0.04677801552373863 45 0.021831968696868254 85 0.032222542504202624 172 0.039879282480846504 173 0.025471232448667697 
98 5 18 0.03289841114727944 27 0.04203138408776838 71 0.014547026117169569 126 0.040730758413268175 166 0.03961613023273849 
99 8 12 0.04350357225724242 16 0.028616941622543537 38 0.02424547287594768 40 0.024699907569778638 64 0.031475933620330514 67 0.03647149647854713 148 0.027902711415470082 186 0.03089162538644463 
100 4 3 0.03271246127957249 7 0.025151133445228714 75 0.040962992681975834 165 0.03624689357848332 
101 5 2 0.037847385346289786 9 0.02806555716862518 80 0.05664413725011706 96 0.01967158307332646 124 0.027146584365127745 
102 7 4 0.042473972874389934 24 0.019031751399583817 44 0.02901763810941732 55 0.05253411020235215 83 0.03538359920098169 86 0.038617080369417425 122 0.03209975955474496 
103 10 34 0.0542425745249432 78 0.029186730578608214 106 0.018893888684095368 107 0.021662048676567517 113 0.03480305267693026 144 0.02657316302606169 146 0.03070277133618666 157 0.03687150541242917 161 0.034309269410573336 176 0.020731759312464865 
104 8 77 0.02766115631459285 85 0.03368429222860894 105 0.030315819329436736 138 0.025540534391295073 152 0.010618133503971136 154 0.043916777847256123 173 0.03619313120741831 190 0.02587622721541421 
105 17 39 0.026948099756336573 46 0.021881730071015175 48 0.029951581233633975 77 0.019421232374948496 85 0.03433962098969722 104 0.030315819329436736 109 0.03562455136327211 110 0.028657076639998155 117 0.058241397426214876 121 0.03220656422982208 129 0.03596756225519688 131 0.054368728627722254 138 0.04786493342550788 139 0.04198060690663162 152 0.029251930329184484 173 0.03542197611779764 190 0.00858990246269494 
106 13 78 0.04547350927027376 103 0.018893888684095368 107 0.024834368564227306 128 0.05096773466458118 132 0.05920803254804969 140 0.05341461086551972 143 0.046361935579812545 144 0.034571569317658174 146 0.017107808073163873 151 0.0393287467106314 161 0.023672811227628755 176 0.01676755553008134 184 0.04051583468915303 
107 6 78 0.037534262346447744 103 0.021662048676567517 106 0.024834368564227306 144 0.02007122212632762 146 0.036995513477970275 151 0.05548446186494049 
108 11 25 0.05605598528086934 66 0.034450013812531516 90 0.039219734486247784 91 0.016576387172605792 93 0.04075644252845106 115 0.043223266835643155 118 0.042358686897857684 145 0.02277275507184918 153 0.03704651954502757 164 0.04189583128897506 182 0.03853539878466668 
109 10 18 0.03810041989496292 32 0.032810633469719394 35 0.02295364117782535 39 0.028185788731944425 46 0.02258535482649558 105 0.03562455136327211 110 0.028712997447565697 121 0.030553908580882142 126 0.031777968396076 129 0.0308955496325685 
110 9 18 0.029758487039725365 32 0.02238279292096661 45 0.029150393404828476 46 0.03149191664569133 105 0.028657076639998155 109 0.028712997447565697 121 0.030753740836706882 126 0.03514707488017942 129 0.031757353116592196 
111 8 26 0.04312359784276187 42 0.030555412814620524 63 0.033984344468786495 70 0.026064860374306657 88 0.036128464220174565 119 0.011642798496458733 134 0.0230461332016454 141 0.0457660244398429 
112 8 38 0.03480578577355697 41 0.006449163634430373 51 0.013226516913586582 56 0.035838163148358505 64 0.025734688290736465 133 0.01781791296202596 136 0.020803176041694273 179 0.030497413864755383 
113 5 78 0.027979838802515075 103 0.03480305267693026 157 0.03270517213798012 171 0.02892871049995609 180 0.028516560799217133 
114 7 17 0.030320199302005756 19 0.01983971475068061 25 0.030928561347034512 37 0.02670783808069202 60 0.01102458421199561 76 0.028180644829583285 127 0.011376964087420345 
115 9 26 0.04819351567662998 70 0.044962382581812455 88 0.026134806770358763 90 0.047475175091411095 91 0.05203551374275805 108 0.043223266835643155 141 0.02193946277322533 145 0.031958323377487434 164 0.022375125721348716 
116 8 25 0.04219018616092214 50 0.028339428255433872 66 0.029259436554240174 68 0.04312585421597635 74 0.0408875053917965 87 0.04105872025442426 175 0.03423849254354701 182 0.03692288902006245 
117 7 35 0.049552757057524356 53 0.026816376498913653 77 0.0472917788741597 85 0.04841488908787426 92 0.05619182686412792 105 0.058241397426214876 154 0.04063158222573635 
118 8 90 0.02946177007571324 93 0.04029566851465079 95 0.04221077292860887 108 0.042358686897857684 140 0.04733125193790408 145 0.034527524583575483 150 0.022704415865180835 157 0.025854697985637495 
119 8 26 0.03792035047870331 42 0.023679139027644427 63 0.02936053972422742 70 0.024497835151567518 111 0.011642798496458733 134 0.023799098548164338 170 0.03072015921005235 175 0.03216211844066182 
120 12 6 0.02220145605985886 8 0.01644142101543724 22 0.03660894326409044 28 0.01487922775195056 61 0.021612571383328158 67 0.035798292720195295 123 0.03139185115887622 137 0.0074548094320580575 142 0.039098085052461914 169 0.011175803737544593 185 0.022788431839268986 187 0.021807048059830206 
121 8 39 0.029343612286825707 46 0.0190612076129228 71 0.033729505873059784 105 0.03220656422982208 109 0.030553908580882142 110 0.030753740836706882 129 0.004533733928171531 139 0.02938682202367011 
122 8 4 0.013885708305046452 24 0.03352002509744435 31 0.025975023998904365 44 0.034179272956247966 86 0.024843238752429678 102 0.03209975955474496 162 0.04708885210329322 172 0.03202782116495628 
123 6 22 0.028321997935527986 52 0.01532418236351576 57 0.011698636039835966 61 0.02532381726163692 120 0.03139185115887622 185 0.022732831195582216 
124 4 2 0.032389529490420926 9 0.03318715636039548 80 0.030483925388668343 101 0.027146584365127745 
125 7 21 0.026845012796334177 36 0.02767338885246678 62 0.020238790611765735 65 0.026564333957385413 82 0.028469724261654797 149 0.023812164249904157 181 0.02788066248083114 
126 6 18 0.019233293633263024 32 0.0238367025891031 71 0.030111580884304393 98 0.040730758413268175 109 0.031777968396076 110 0.03514707488017942 
127 6 19 0.012705333112182499 25 0.02479354091172783 37 0.0298666371728796 60 0.009536306842700109 68 0.0356649810197909 114 0.011376964087420345 
128 11 79 0.0366317676756048 89 0.043443020898208624 106 0.05096773466458118 132 0.038583680834519504 143 0.04290113380424084 151 0.026131852656370774 158 0.03662598150310048 163 0.054748525398120265 174 0.0393923862240366 178 0.03984700811169205 184 0.01830665729874648 
129 8 39 0.03210066656623227 46 0.022380056219719755 71 0.03136879732123331 105 0.03596756225519688 109 0.0308955496325685 110 0.031757353116592196 121 0.004533733928171531 139 0.03178359604990012 
130 8 1 0.027108291895730934 5 0.02933860201536037 13 0.033357521207898644 14 0.027558137437426678 29 0.033244127321730106 74 0.019334065752042887 87 0.01732132600690876 175 0.04085776022981677 
131 6 39 0.03886692202388078 46 0.05122325894677894 48 0.032218715405468584 77 0.03952421172969086 92 0.019703975862187337 105 0.054368728627722254 
132 6 106 0.05920803254804969 128 0.038583680834519504 140 0.050082481120982895 151 0.03876242287698301 158 0.03974838714122894 163 0.05992100911069399 
133 9 27 0.0451670488884606 38 0.04372965095927862 41 0.018409110955425117 51 0.021757322063807982 56 0.03179254044999523 64 0.03883656352032365 112 0.01781791296202596 136 0.0296736200774475 179 0.03814324854018492 
134 3 111 0.0230461332016454 119 0.023799098548164338 180 0.03473395596900624 
135 7 2 0.026318795993097194 9 0.02734989022831132 36 0.030837114066923844 43 0.03514221727410459 96 0.028042353345515764 155 0.01689221547364401 181 0.02963063661345261 
136 8 12 0.03174415913362196 38 0.017289401813930634 41 0.01873637072420994 51 0.028488010741447543 64 0.011660224422141006 112 0.020803176041694273 133 0.0296736200774475 148 0.032787745716401716 
137 10 6 0.02753340643398094 8 0.019924768593013495 22 0.03338608579217647 28 0.01879362145195413 61 0.018943734735641968 120 0.0074548094320580575 142 0.04117676442848731 169 0.015192341870383905 185 0.019615060396841452 187 0.019954491237892398 
138 9 77 0.04190571889347827 85 0.03117147940389491 104 0.025540534391295073 105 0.04786493342550788 152 0.024853711623371157 154 0.03180662704290352 158 0.046932003496282446 163 0.05628559483037727 173 0.03411911800798077 
139 4 46 0.039803572655186616 105 0.04198060690663162 121 0.02938682202367011 129 0.03178359604990012 
140 7 90 0.042996351048242565 93 0.04730895181320874 95 0.03452057232742914 106 0.05341461086551972 118 0.04733125193790408 132 0.050082481120982895 150 0.029118194159290216 
141 10 26 0.030190056046665113 42 0.03744611021258785 63 0.03328562815426247 70 0.026384794695328614 88 0.020523813022414197 111 0.0457660244398429 115 0.02193946277322533 164 0.0442439704837877 170 0.03425819169630583 183 0.02515284880320805 
142 7 12 0.030725343565061077 15 0.04183937712596446 47 0.024240253747543135 51 0.04217579236401676 52 0.04177035826862432 120 0.039098085052461914 137 0.04117676442848731 
143 10 54 0.04729392616296944 79 0.029192119321613447 83 0.04775927583294408 89 0.025551513837427008 106 0.046361935579812545 128 0.04290113380424084 144 0.047676524858297216 147 0.03818474605457428 151 0.049589398649229725 174 0.017896610196584322 
144 5 78 0.04257587679655214 103 0.02657316302606169 106 0.034571569317658174 107 0.02007122212632762 143 0.047676524858297216 
145 10 88 0.045573372730762354 90 0.02455498862103771 91 0.031017087362178782 93 0.03626021282622747 108 0.02277275507184918 115 0.031958323377487434 118 0.034527524583575483 150 0.03759927450862188 153 0.043998214593314114 164 0.027768381711154404 
146 9 103 0.03070277133618666 106 0.017107808073163873 107 0.036995513477970275 150 0.047026480837871545 151 0.039232374149699524 157 0.03153712483652404 161 0.026462829811684734 171 0.03290303665619625 176 0.02164609149567964 
147 8 24 0.02943754931409428 44 0.03064103309155762 54 0.030240805793625796 83 0.014429888566805991 89 0.03944972037581669 143 0.03818474605457428 160 0.026710197686688694 174 0.03880270253927221 
148 8 30 0.02866834743134336 38 0.03919384960406437 40 0.017189537915905297 59 0.034101224585728174 64 0.03497706823486039 99 0.027902711415470082 136 0.032787745716401716 186 0.03844694141277922 
149 9 21 0.014347543626492673 36 0.023374354680869118 55 0.04656834482022587 62 0.038128156044349756 65 0.04136961615910056 82 0.007548114794175701 125 0.023812164249904157 155 0.0309635486940612 168 0.03876228537067638 
150 8 90 0.017311234875006187 93 0.02852611868953114 95 0.026622555516065193 118 0.022704415865180835 140 0.029118194159290216 145 0.03759927450862188 146 0.047026480837871545 153 0.05441706664779381 
151 8 106 0.0393287467106314 107 0.05548446186494049 128 0.026131852656370774 132 0.03876242287698301 143 0.049589398649229725 146 0.039232374149699524 158 0.05205892832903171 184 0.01538395843324873 
152 8 77 0.030729865272356577 85 0.031317269516205865 104 0.010618133503971136 105 0.029251930329184484 138 0.024853711623371157 154 0.048960560358079455 173 0.03210105546494903 190 0.023627889183216837 
153 7 90 0.04295782516146311 91 0.021669153925530277 93 0.029466035186630823 95 0.046667350685784106 108 0.03704651954502757 145 0.043998214593314114 150 0.05441706664779381 
154 10 53 0.05471225441288219 77 0.05019878601180781 85 0.03920317843986177 104 0.043916777847256123 117 0.04063158222573635 138 0.03180662704290352 152 0.048960560358079455 158 0.0541739774829317 163 0.05319445872344829 167 0.04349168543678756 
155 6 21 0.026922455729305995 36 0.019026928707111215 65 0.03232003264900976 135 0.01689221547364401 149 0.0309635486940612 181 0.020123475678894227 
156 4 3 0.035286712550071056 33 0.009362322893219902 59 0.030050606499762572 177 0.035888739614068 
157 7 103 0.03687150541242917 113 0.03270517213798012 118 0.025854697985637495 146 0.03153712483652404 171 0.01275646105438371 176 0.03095992707392818 180 0.020685771117057973 
158 8 128 0.03662598150310048 132 0.03974838714122894 138 0.046932003496282446 151 0.05205892832903171 154 0.0541739774829317 163 0.021921211426738908 167 0.046327574381012926 178 0.03586213443610793 
159 3 2 0.03986035629614008 9 0.03702902788373991 10 0.026415719194502762 
160 6 24 0.026751613465177914 44 0.035572336929465216 54 0.040943035349278636 55 0.038591002616461645 83 0.020698960518647683 147 0.026710197686688694 
161 6 103 0.034309269410573336 106 0.023672811227628755 146 0.026462829811684734 171 0.035401660453436366 174 0.03731513527170023 176 0.017839379976732784 
162 6 4 0.041368990467372795 31 0.03678136858154832 47 0.03417401275787041 86 0.02537654945466376 122 0.04708885210329322 166 0.06027407911577296 
163 9 81 0.06198475870826359 85 0.0691665230115837 128 0.054748525398120265 132 0.05992100911069399 138 0.05628559483037727 154 0.05319445872344829 158 0.021921211426738908 167 0.029740049803295535 178 0.04356990077455519 
164 6 88 0.0437861158173715 91 0.04399114051851644 108 0.04189583128897506 115 0.022375125721348716 141 0.0442439704837877 145 0.027768381711154404 
165 6 7 0.03567008977710479 10 0.03846334691659367 11 0.0382467808682474 43 0.027880215418626002 75 0.04020075349998985 100 0.03624689357848332 
166 6 4 0.05444245231184532 18 0.0530390371719259 31 0.05634943298311922 71 0.045648608155232445 98 0.03961613023273849 162 0.06027407911577296 
167 5 53 0.06816192957258783 85 0.057869071345551706 154 0.04349168543678756 158 0.046327574381012926 163 0.029740049803295535 
168 6 36 0.05301634355077428 54 0.026791824626460726 55 0.04849372485858976 82 0.03501673632878265 83 0.055003650812660204 149 0.03876228537067638 
169 9 6 0.019945717927925377 8 0.01663417747755708 28 0.016963057016963573 61 0.025749865422988433 67 0.027917996530108454 120 0.011175803737544593 137 0.015192341870383905 187 0.024401761931345904 189 0.032615870390353054 
170 8 14 0.03431243121967658 26 0.011652052872991744 42 0.00825501709455764 63 0.003674931541136069 70 0.014550715143236833 119 0.03072015921005235 141 0.03425819169630583 183 0.02288869930104576 
171 6 113 0.02892871049995609 146 0.03290303665619625 157 0.01275646105438371 161 0.035401660453436366 176 0.025694813026847316 180 0.013546012157891122 
172 7 4 0.04271489769228034 24 0.03696975280732017 44 0.027484902695900246 45 0.03961683333672009 86 0.04528534161853041 97 0.039879282480846504 122 0.03202782116495628 
173 7 45 0.03826720782879028 85 0.0070597189775726535 97 0.025471232448667697 104 0.03619313120741831 105 0.03542197611779764 138 0.03411911800798077 152 0.03210105546494903 
174 6 79 0.02000684035834895 89 0.014271744650440297 128 0.0393923862240366 143 0.017896610196584322 147 0.03880270253927221 161 0.03731513527170023 
175 5 42 0.036860429643876765 87 0.02828330847041271 116 0.03423849254354701 119 0.03216211844066182 130 0.04085776022981677 
176 7 103 0.020731759312464865 106 0.01676755553008134 146 0.02164609149567964 157 0.03095992707392818 161 0.017839379976732784 171 0.025694813026847316 180 0.037450673989191635 
177 7 12 0.0375367896822156 15 0.01915969447472573 30 0.03891032186618293 33 0.033196437020478725 59 0.03626027791786699 156 0.035888739614068 186 0.05160421495860535 
178 4 79 0.03778804809807706 128 0.03984700811169205 158 0.03586213443610793 163 0.04356990077455519 
179 6 27 0.02706465451777615 41 0.032916630364528215 47 0.02822981263778337 51 0.0310348526009089 112 0.030497413864755383 133 0.03814324854018492 
180 5 113 0.028516560799217133 134 0.03473395596900624 157 0.020685771117057973 171 0.013546012157891122 176 0.037450673989191635 
181 6 21 0.02407289207866372 36 0.027821129025669303 65 0.016273790997945094 125 0.02788066248083114 135 0.02963063661345261 155 0.020123475678894227 
182 7 25 0.01860754092167056 37 0.03183219074183179 60 0.03411594976514183 66 0.01306112040920242 68 0.036608513669233775 108 0.03853539878466668 116 0.03692288902006245 
183 7 26 0.027347183839128163 42 0.027907504673753268 63 0.021190170542086415 70 0.020361371259972543 88 0.0307646313894162 141 0.02515284880320805 170 0.02288869930104576 
184 3 106 0.04051583468915303 128 0.01830665729874648 151 0.01538395843324873 
185 7 22 0.014594683930335936 28 0.024298741089276155 57 0.024500176129113063 61 0.014805762059196873 120 0.022788431839268986 123 0.022732831195582216 137 0.019615060396841452 
186 7 16 0.04726861911757938 40 0.024077395037883514 59 0.044660526505798374 94 0.03627110292577522 99 0.03089162538644463 148 0.03844694141277922 177 0.05160421495860535 
187 7 1 0.025277387251588387 8 0.015276098951769753 28 0.01775129921589912 61 0.015926126270778735 120 0.021807048059830206 137 0.019954491237892398 169 0.024401761931345904 
188 4 34 0.009781869293497412 37 0.028819312285021853 68 0.0322493088572249 78 0.026945365720120983 
189 4 14 0.03374359182811452 16 0.018086034319232377 67 0.014757927147588222 169 0.032615870390353054 
190 6 46 0.026662437911415458 48 0.03073283916075571 77 0.02196008869007751 104 0.02587622721541421 105 0.00858990246269494 152 0.023627889183216837 
-
0 0
1 1 0.06963470319634703 0.5205479452054794
2 0
3 2 0.0 0.021689497716894976 0.6118721461187214 0.704337899543379
4 0
5 3 0.08561643835616438 0.1232876712328767 0.3458904109589041 0.3641552511415525 0.3675799086757991 0.476027397260274
6 0
7 1 0.0 0.017123287671232876
8 0
9 0
10 0
11 1 0.0 0.00228310502283105
12 0
13 2 0.07420091324200913 0.12100456621004566 0.3698630136986301 0.5102739726027398
14 0
15 1 0.00684931506849315 0.0182648401826484
16 0
17 0
18 1 0.08561643835616438 0.4794520547945205
19 0
20 0
21 0
22 1 0.00684931506849315 0.01141552511415525
23 2 0.08447488584474885 0.11643835616438356 0.3835616438356164 0.4805936073059361
24 0
25 1 0.06506849315068493 0.54337899543379
26 0
27 0
28 1 0.11301369863013698 0.1187214611872146
29 2 0.06621004566210045 0.365296803652968 0.3675799086757991 0.5319634703196348
30 0
31 0
32 3 0.04908675799086758 0.10388127853881278 0.4280821917808219 0.6015981735159818 0.7625570776255708 0.7819634703196348
33 0
34 0
35 0
36 0
37 3 0.02054794520547945 0.04908675799086758 0.7191780821917808 0.7545662100456622 0.79337899543379 0.8687214611872146
38 0
39 0
40 0
41 0
42 0
43 0
44 0
45 0
46 0
47 0
48 0
49 0
50 2 0.04452054794520548 0.12442922374429223 0.3436073059360731 0.591324200913242
51 0
52 1 0.0 0.010273972602739725
53 0
54 0
55 0
56 0
57 1 0.0 0.01598173515981735
58 1 0.0 0.005707762557077625
59 0
60 0
61 0
62 0
63 0
64 0
65 0
66 1 0.12899543378995434 0.3333333333333333
67 0
68 3 0.017123287671232876 0.0730593607305936 0.5159817351598174 0.6095890410958904 0.6963470319634704 0.9965753424657534
69 0
70 0
71 1 0.10388127853881278 0.4315068493150685
72 0
73 0
74 1 0.0958904109589041 0.4497716894977169
75 0
76 0
77 0
78 0
79 0
80 1 0.0 0.003424657534246575
81 0
82 0
83 0
84 0
85 1 0.09018264840182648 0.4657534246575342
86 0
87 0
88 0
89 0
90 0
91 0
92 0
93 1 0.08789954337899543 0.4726027397260274
94 0
95 2 0.07420091324200913 0.07990867579908675 0.4942922374429224 0.5079908675799086
96 0
97 0
98 1 0.07990867579908675 0.4942922374429224
99 0
100 0
101 0
102 0
103 0
104 2 0.09360730593607305 0.13812785388127855 0.3127853881278539 0.4577625570776256
105 0
106 0
107 0
108 0
109 0
110 1 0.0867579908675799 0.4771689497716895
111 0
112 0
113 2 0.0136986301369863 0.09246575342465753 0.4634703196347032 0.610730593607306
114 0
115 0
116 0
117 0
118 1 0.08333333333333333 0.4863013698630137
119 0
120 1 0.08789954337899543 0.4714611872146119
121 0
122 0
123 0
124 0
125 0
126 1 0.07876712328767123 0.4977168949771689
127 0
128 0
129 0
130 0
131 0
132 2 0.021689497716894976 0.10616438356164383 0.4223744292237443 0.591324200913242
133 0
134 0
135 0
136 0
137 0
138 0
139 1 0.13470319634703196 0.3162100456621005
140 2 0.0365296803652968 0.11301369863013698 0.4029680365296804 0.569634703196347
141 0
142 1 0.0 0.014840182648401826
143 0
144 0
145 0
146 3 0.014840182648401826 0.06963470319634703 0.5273972602739726 0.6050228310502284 0.7100456621004566 0.9828767123287672
147 0
148 0
149 0
150 1 0.09360730593607305 0.4577625570776256
151 0
152 1 0.10159817351598173 0.4383561643835616
153 0
154 0
155 0
156 0
157 2 0.07990867579908675 0.11301369863013698 0.4029680365296804 0.5034246575342466
158 0
159 0
160 0
161 1 0.010273972602739725 0.04223744292237443
162 0
163 0
164 0
165 0
166 0
167 2 0.09246575342465753 0.11643835616438356 0.3892694063926941 0.4577625570776256
168 0
169 0
170 0
171 2 0.08561643835616438 0.11529680365296803 0.3972602739726027 0.4851598173515982
172 0
173 2 0.07191780821917808 0.1267123287671233 0.3276255707762557 0.519406392694064
174 0
175 0
176 2 0.03881278538812785 0.1050228310502283 0.4315068493150685 0.571917808219178
177 0
178 0
179 0
180 1 0.11073059360730593 0.4155251141552511
181 0
182 1 0.11643835616438356 0.3972602739726027
183 0
184 0
185 0
186 0
187 0
188 0
189 0
190 0
-
