0 9 1 0.10944546033076184 2 0.04450417708762904 3 0.03318821187947882 7 0.03695304526271872 10 0.04006920951658828 11 0.01251851594528942 15 0.044981635150028204 43 0.031452624794297064 58 0.0054538502840884035 
1 15 0 0.10944546033076184 5 0.0073333443842099845 6 0.05073244626655448 8 0.03911459649311765 13 0.009450972380904471 14 0.045869981271848104 17 0.07448840414144454 19 0.08052495808640772 22 0.02017493114099324 23 0.019334466634204323 29 0.013113117639304062 49 0.036236685333492835 52 0.04911045467559979 57 0.03620874541869604 61 0.02025053917283706 
2 7 0 0.04450417708762904 9 0.014766173195229649 10 0.02886896040925293 17 0.10067467650536989 21 0.0661172804475184 36 0.056274847856319 43 0.03319775492474613 
3 6 0 0.03318821187947882 4 0.07530845981919486 7 0.0113155312046139 11 0.039705601069691725 33 0.04222418665814351 58 0.03504371389721802 
4 5 3 0.07530845981919486 18 0.04815290997419268 24 0.04653658736346283 27 0.08447918981650206 31 0.01704622121359861 
5 15 1 0.0073333443842099845 6 0.05431691409373454 8 0.04285419178883263 13 0.010035232399091376 14 0.04864526799286498 17 0.07416253406339475 19 0.07755121693976333 20 0.05692486601589021 22 0.024467873118094986 23 0.015183655685541865 29 0.009075412490945671 49 0.031501819289139144 50 0.04616544720907151 57 0.03989027797440302 61 0.024706899676321864 
6 11 1 0.05073244626655448 5 0.05431691409373454 8 0.011691491051423048 12 0.05107856320445521 16 0.05130789853820808 28 0.020711820312237134 38 0.04173406160358945 41 0.05053106663846874 51 0.05006754243781088 56 0.03925735312675855 67 0.0398778945398789 
7 5 0 0.03695304526271872 3 0.0113155312046139 9 0.07928677015103013 11 0.042897665572840055 58 0.039923607429465637 
8 13 1 0.03911459649311765 5 0.04285419178883263 6 0.011691491051423048 12 0.050641434116102245 13 0.04421142417235392 14 0.05140011065866488 16 0.04831436143854259 22 0.042275034318935076 28 0.012349071889105508 38 0.04474643257888088 56 0.050442129752193296 61 0.024430097971584634 67 0.03640302196361493 
9 6 2 0.014766173195229649 7 0.07928677015103013 10 0.035201957845130326 21 0.061586184033794934 36 0.05774814227256139 43 0.044331594257840674 
10 4 0 0.04006920951658828 2 0.02886896040925293 9 0.035201957845130326 43 0.030280200585626617 
11 7 0 0.01251851594528942 3 0.039705601069691725 7 0.042897665572840055 12 0.059432290378728776 15 0.038276235446997216 43 0.026481337871392903 58 0.01103160512589179 
12 13 6 0.05107856320445521 8 0.050641434116102245 11 0.059432290378728776 15 0.023698784742182986 27 0.06709687173370997 30 0.05118529999371705 38 0.032613546836132316 40 0.05659895763666546 41 0.038998132541914914 47 0.03463025732872208 51 0.04410751321645398 52 0.03991899367682794 64 0.02048450098253313 
13 11 1 0.009450972380904471 5 0.010035232399091376 8 0.04421142417235392 17 0.07147879754290455 19 0.07833213164186442 20 0.055194917108989876 22 0.021973311139350922 23 0.01957530157331754 29 0.014007864015010436 49 0.030991216835350895 50 0.04662689707084819 
14 8 1 0.045869981271848104 5 0.04864526799286498 8 0.05140011065866488 16 0.029485797208733018 26 0.03932056909147378 42 0.03184486955239218 63 0.03544911083492824 67 0.027651230477906536 
15 8 0 0.044981635150028204 11 0.038276235446997216 12 0.023698784742182986 27 0.06822467992335442 33 0.05219910621582781 47 0.037877041876028576 52 0.04276424220881154 64 0.038874416104916105 
16 7 6 0.05130789853820808 8 0.04831436143854259 14 0.029485797208733018 38 0.02704999452959707 40 0.05180758463895328 64 0.038059612872186586 67 0.012860313338359122 
17 14 1 0.07448840414144454 2 0.10067467650536989 5 0.07416253406339475 13 0.07147879754290455 19 0.0436940025646382 20 0.018589495241853674 21 0.05807888397702479 25 0.057658230295960615 34 0.04327005272210019 36 0.060742687168299635 37 0.0423091372365767 60 0.03914298242762001 62 0.03841130079115612 65 0.04358230664873404 
18 6 4 0.04815290997419268 32 0.02577075479856728 35 0.05290960905551286 39 0.060245542231152686 45 0.04198985150673159 46 0.04870306598974125 
19 10 1 0.08052495808640772 5 0.07755121693976333 13 0.07833213164186442 17 0.0436940025646382 20 0.03775492598937288 25 0.033399699196717814 34 0.05919873059622557 37 0.04165886573695668 50 0.0347087886849175 60 0.021144152041624058 
20 11 5 0.05692486601589021 13 0.055194917108989876 17 0.018589495241853674 19 0.03775492598937288 21 0.06965125251423608 25 0.055168997811167866 37 0.04541825360869968 49 0.03764025278612366 50 0.02995589226648289 60 0.03866256389397214 62 0.04045238371333174 
21 8 2 0.0661172804475184 9 0.061586184033794934 17 0.05807888397702479 20 0.06965125251423608 36 0.027048505720692565 54 0.051691770440426006 62 0.04004179867376688 65 0.03561672794697914 
22 9 1 0.02017493114099324 5 0.024467873118094986 8 0.042275034318935076 13 0.021973311139350922 23 0.033268309907718424 28 0.03409641663291364 52 0.03723694140913601 57 0.024401898117534192 61 0.021104601753406227 
23 6 1 0.019334466634204323 5 0.015183655685541865 13 0.01957530157331754 22 0.033268309907718424 28 0.034785881351305614 29 0.00857824683313921 
24 5 4 0.04653658736346283 31 0.05643580111326878 44 0.01234757460999873 54 0.056383288749350134 55 0.04452459690679383 
25 8 17 0.057658230295960615 19 0.033399699196717814 20 0.055168997811167866 34 0.04721219908421477 37 0.02639870621265027 60 0.01993483322578983 66 0.027970765262681815 68 0.035748056987000315 
26 4 14 0.03932056909147378 42 0.01603944491804199 63 0.013957379569989789 70 0.019011692431889833 
27 8 4 0.08447918981650206 12 0.06709687173370997 15 0.06822467992335442 30 0.02699289811116804 33 0.05242331622307933 41 0.047333512708377205 47 0.04861446981776716 59 0.04708810040291364 
28 5 6 0.020711820312237134 8 0.012349071889105508 22 0.03409641663291364 23 0.034785881351305614 61 0.01738805086061207 
29 5 1 0.013113117639304062 5 0.009075412490945671 13 0.014007864015010436 23 0.00857824683313921 49 0.036267264122519946 
30 6 12 0.05118529999371705 27 0.02699289811116804 33 0.03633014526608957 40 0.04163993566069813 41 0.04286488495419532 59 0.024868800814052742 
31 3 4 0.01704622121359861 24 0.05643580111326878 44 0.05615881255502042 
32 6 18 0.02577075479856728 35 0.0357692885540817 39 0.0565770403065255 45 0.031137208165235828 46 0.047043249380151246 53 0.08622163280295067 
33 6 3 0.04222418665814351 15 0.05219910621582781 27 0.05242331622307933 30 0.03633014526608957 40 0.056003687341976534 59 0.021324333743488504 
34 6 17 0.04327005272210019 19 0.05919873059622557 25 0.04721219908421477 37 0.021107949724267973 66 0.05713470789165656 68 0.02297112842924682 
35 5 18 0.05290960905551286 32 0.0357692885540817 39 0.03865476053029885 45 0.05846418708557147 53 0.06138770568796454 
36 9 2 0.056274847856319 9 0.05774814227256139 17 0.060742687168299635 21 0.027048505720692565 54 0.05100814665649347 55 0.03480736732164728 62 0.027602424389363056 65 0.033558992691483845 69 0.039780025158834414 
37 8 17 0.0423091372365767 19 0.04165886573695668 20 0.04541825360869968 25 0.02639870621265027 34 0.021107949724267973 60 0.021561426919663014 66 0.040916381592824624 68 0.017327160181798053 
38 10 6 0.04173406160358945 8 0.04474643257888088 12 0.032613546836132316 16 0.02704999452959707 40 0.044964554023690276 41 0.033689799214707515 51 0.04169034674896567 56 0.044628616287991134 64 0.018425420222259473 67 0.02566327411165793 
39 6 18 0.060245542231152686 32 0.0565770403065255 35 0.03865476053029885 46 0.013433821931515695 48 0.019686105828931825 53 0.08210372018499774 
40 6 12 0.05659895763666546 16 0.05180758463895328 30 0.04163993566069813 33 0.056003687341976534 38 0.044964554023690276 59 0.03691202142322304 
41 9 6 0.05053106663846874 12 0.038998132541914914 27 0.047333512708377205 30 0.04286488495419532 38 0.033689799214707515 47 0.03926481781111083 51 0.010812271742657621 56 0.030947293289152963 64 0.024313098502352394 
42 4 14 0.03184486955239218 26 0.01603944491804199 63 0.008391653602132473 70 0.013479820093096487 
43 7 0 0.031452624794297064 2 0.03319775492474613 9 0.044331594257840674 10 0.030280200585626617 11 0.026481337871392903 54 0.06852652495452781 58 0.034108764727966326 
44 3 24 0.01234757460999873 31 0.05615881255502042 54 0.06012145323236235 
45 3 18 0.04198985150673159 32 0.031137208165235828 35 0.05846418708557147 
46 5 18 0.04870306598974125 32 0.047043249380151246 39 0.013433821931515695 48 0.02637987880406789 53 0.0875475812836766 
47 5 12 0.03463025732872208 15 0.037877041876028576 27 0.04861446981776716 41 0.03926481781111083 51 0.03862229869285709 
48 3 39 0.019686105828931825 46 0.02637987880406789 53 0.08962742779985186 
49 6 1 0.036236685333492835 5 0.031501819289139144 13 0.030991216835350895 20 0.03764025278612366 29 0.036267264122519946 50 0.03363714795464843 
50 6 5 0.04616544720907151 13 0.04662689707084819 19 0.0347087886849175 20 0.02995589226648289 49 0.03363714795464843 66 0.05129664306867103 
51 7 6 0.05006754243781088 12 0.04410751321645398 38 0.04169034674896567 41 0.010812271742657621 47 0.03862229869285709 56 0.02951670973239769 64 0.03291813142916475 
52 6 1 0.04911045467559979 12 0.03991899367682794 15 0.04276424220881154 22 0.03723694140913601 57 0.013729849022390323 69 0.04464662325946468 
53 5 32 0.08622163280295067 35 0.06138770568796454 39 0.08210372018499774 46 0.0875475812836766 48 0.08962742779985186 
54 6 21 0.051691770440426006 24 0.056383288749350134 36 0.05100814665649347 43 0.06852652495452781 44 0.06012145323236235 55 0.030896545864326462 
55 3 24 0.04452459690679383 36 0.03480736732164728 54 0.030896545864326462 
56 5 6 0.03925735312675855 8 0.050442129752193296 38 0.044628616287991134 41 0.030947293289152963 51 0.02951670973239769 
57 4 1 0.03620874541869604 5 0.03989027797440302 22 0.024401898117534192 52 0.013729849022390323 
58 5 0 0.0054538502840884035 3 0.03504371389721802 7 0.039923607429465637 11 0.01103160512589179 43 0.034108764727966326 
59 4 27 0.04708810040291364 30 0.024868800814052742 33 0.021324333743488504 40 0.03691202142322304 
60 7 17 0.03914298242762001 19 0.021144152041624058 20 0.03866256389397214 25 0.01993483322578983 37 0.021561426919663014 66 0.04065581819216025 68 0.028702049872779876 
61 5 1 0.02025053917283706 5 0.024706899676321864 8 0.024430097971584634 22 0.021104601753406227 28 0.01738805086061207 
62 6 17 0.03841130079115612 20 0.04045238371333174 21 0.04004179867376688 36 0.027602424389363056 65 0.02111861125457177 69 0.02718466366035324 
63 4 14 0.03544911083492824 26 0.013957379569989789 42 0.008391653602132473 70 0.012292425799225527 
64 7 12 0.02048450098253313 15 0.038874416104916105 16 0.038059612872186586 38 0.018425420222259473 41 0.024313098502352394 51 0.03291813142916475 67 0.038627579790529415 
65 5 17 0.04358230664873404 21 0.03561672794697914 36 0.033558992691483845 62 0.02111861125457177 69 0.02277948253868457 
66 5 25 0.027970765262681815 34 0.05713470789165656 37 0.040916381592824624 50 0.05129664306867103 60 0.04065581819216025 
67 6 6 0.0398778945398789 8 0.03640302196361493 14 0.027651230477906536 16 0.012860313338359122 38 0.02566327411165793 64 0.038627579790529415 
68 4 25 0.035748056987000315 34 0.02297112842924682 37 0.017327160181798053 60 0.028702049872779876 
69 4 36 0.039780025158834414 52 0.04464662325946468 62 0.02718466366035324 65 0.02277948253868457 
70 3 26 0.019011692431889833 42 0.013479820093096487 63 0.012292425799225527 
-
0 0
1 1 0.06963470319634703 0.5205479452054794
2 0
3 2 0.0 0.021689497716894976 0.6118721461187214 0.704337899543379
4 0
5 3 0.08561643835616438 0.1232876712328767 0.3458904109589041 0.3641552511415525 0.3675799086757991 0.476027397260274
6 0
7 1 0.0 0.017123287671232876
8 0
9 0
10 0
11 1 0.0 0.00228310502283105
12 0
13 2 0.07420091324200913 0.12100456621004566 0.3698630136986301 0.5102739726027398
14 0
15 1 0.00684931506849315 0.0182648401826484
16 0
17 0
18 1 0.08561643835616438 0.4794520547945205
19 0
20 0
21 0
22 1 0.00684931506849315 0.01141552511415525
23 2 0.08447488584474885 0.11643835616438356 0.3835616438356164 0.4805936073059361
24 0
25 1 0.06506849315068493 0.54337899543379
26 0
27 0
28 1 0.11301369863013698 0.1187214611872146
29 2 0.06621004566210045 0.365296803652968 0.3675799086757991 0.5319634703196348
30 0
31 0
32 3 0.04908675799086758 0.10388127853881278 0.4280821917808219 0.6015981735159818 0.7625570776255708 0.7819634703196348
33 0
34 0
35 0
36 0
37 3 0.02054794520547945 0.04908675799086758 0.7191780821917808 0.7545662100456622 0.79337899543379 0.8687214611872146
38 0
39 0
40 0
41 0
42 0
43 0
44 0
45 0
46 0
47 0
48 0
49 0
50 2 0.04452054794520548 0.12442922374429223 0.3436073059360731 0.591324200913242
51 0
52 1 0.0 0.010273972602739725
53 0
54 0
55 0
56 0
57 1 0.0 0.01598173515981735
58 1 0.0 0.005707762557077625
59 0
60 0
61 0
62 0
63 0
64 0
65 0
66 1 0.12899543378995434 0.3333333333333333
67 0
68 3 0.017123287671232876 0.0730593607305936 0.5159817351598174 0.6095890410958904 0.6963470319634704 0.9965753424657534
69 0
70 0
-
