0 7 1 0.10944546033076184 2 0.04450417708762904 3 0.03318821187947882 7 0.03695304526271872 10 0.04006920951658828 11 0.01251851594528942 15 0.044981635150028204 
1 8 0 0.10944546033076184 5 0.0073333443842099845 6 0.05073244626655448 8 0.03911459649311765 13 0.009450972380904471 14 0.045869981271848104 17 0.07448840414144454 19 0.08052495808640772 
2 4 0 0.04450417708762904 9 0.014766173195229649 10 0.02886896040925293 17 0.10067467650536989 
3 4 0 0.03318821187947882 4 0.07530845981919486 7 0.0113155312046139 11 0.039705601069691725 
4 2 3 0.07530845981919486 18 0.04815290997419268 
5 8 1 0.0073333443842099845 6 0.05431691409373454 8 0.04285419178883263 13 0.010035232399091376 14 0.04864526799286498 17 0.07416253406339475 19 0.07755121693976333 20 0.05692486601589021 
6 5 1 0.05073244626655448 5 0.05431691409373454 8 0.011691491051423048 12 0.05107856320445521 16 0.05130789853820808 
7 4 0 0.03695304526271872 3 0.0113155312046139 9 0.07928677015103013 11 0.042897665572840055 
8 7 1 0.03911459649311765 5 0.04285419178883263 6 0.011691491051423048 12 0.050641434116102245 13 0.04421142417235392 14 0.05140011065866488 16 0.04831436143854259 
9 3 2 0.014766173195229649 7 0.07928677015103013 10 0.035201957845130326 
10 3 0 0.04006920951658828 2 0.02886896040925293 9 0.035201957845130326 
11 5 0 0.01251851594528942 3 0.039705601069691725 7 0.042897665572840055 12 0.059432290378728776 15 0.038276235446997216 
12 4 6 0.05107856320445521 8 0.050641434116102245 11 0.059432290378728776 15 0.023698784742182986 
13 6 1 0.009450972380904471 5 0.010035232399091376 8 0.04421142417235392 17 0.07147879754290455 19 0.07833213164186442 20 0.055194917108989876 
14 4 1 0.045869981271848104 5 0.04864526799286498 8 0.05140011065866488 16 0.029485797208733018 
15 3 0 0.044981635150028204 11 0.038276235446997216 12 0.023698784742182986 
16 3 6 0.05130789853820808 8 0.04831436143854259 14 0.029485797208733018 
17 6 1 0.07448840414144454 2 0.10067467650536989 5 0.07416253406339475 13 0.07147879754290455 19 0.0436940025646382 20 0.018589495241853674 
18 1 4 0.04815290997419268 
19 5 1 0.08052495808640772 5 0.07755121693976333 13 0.07833213164186442 17 0.0436940025646382 20 0.03775492598937288 
20 4 5 0.05692486601589021 13 0.055194917108989876 17 0.018589495241853674 19 0.03775492598937288 
-
0 0
1 1 0.06963470319634703 0.5205479452054794
2 0
3 2 0.0 0.021689497716894976 0.6118721461187214 0.704337899543379
4 0
5 3 0.08561643835616438 0.1232876712328767 0.3458904109589041 0.3641552511415525 0.3675799086757991 0.476027397260274
6 0
7 1 0.0 0.017123287671232876
8 0
9 0
10 0
11 1 0.0 0.00228310502283105
12 0
13 2 0.07420091324200913 0.12100456621004566 0.3698630136986301 0.5102739726027398
14 0
15 1 0.00684931506849315 0.0182648401826484
16 0
17 0
18 1 0.08561643835616438 0.4794520547945205
19 0
20 0
-
