0 5 1 0.10944546033076184 2 0.04450417708762904 3 0.03318821187947882 7 0.03695304526271872 10 0.04006920951658828 
1 4 0 0.10944546033076184 5 0.0073333443842099845 6 0.05073244626655448 8 0.03911459649311765 
2 3 0 0.04450417708762904 9 0.014766173195229649 10 0.02886896040925293 
3 3 0 0.03318821187947882 4 0.07530845981919486 7 0.0113155312046139 
4 1 3 0.07530845981919486 
5 3 1 0.0073333443842099845 6 0.05431691409373454 8 0.04285419178883263 
6 3 1 0.05073244626655448 5 0.05431691409373454 8 0.011691491051423048 
7 3 0 0.03695304526271872 3 0.0113155312046139 9 0.07928677015103013 
8 3 1 0.03911459649311765 5 0.04285419178883263 6 0.011691491051423048 
9 3 2 0.014766173195229649 7 0.07928677015103013 10 0.035201957845130326 
10 3 0 0.04006920951658828 2 0.02886896040925293 9 0.035201957845130326 
-
0 0
1 1 0.06963470319634703 0.5205479452054794
2 0
3 2 0.0 0.021689497716894976 0.6118721461187214 0.704337899543379
4 0
5 3 0.08561643835616438 0.1232876712328767 0.3458904109589041 0.3641552511415525 0.3675799086757991 0.476027397260274
6 0
7 1 0.0 0.017123287671232876
8 0
9 0
10 0
-
