0 12 1 0.10944546033076184 2 0.04450417708762904 3 0.03318821187947882 7 0.03695304526271872 10 0.04006920951658828 11 0.01251851594528942 15 0.044981635150028204 43 0.031452624794297064 58 0.0054538502840884035 73 0.034668587365041484 75 0.04454358563912736 81 0.05332307818510937 
1 22 0 0.10944546033076184 5 0.0073333443842099845 6 0.05073244626655448 8 0.03911459649311765 13 0.009450972380904471 14 0.045869981271848104 17 0.07448840414144454 19 0.08052495808640772 22 0.02017493114099324 23 0.019334466634204323 29 0.013113117639304062 49 0.036236685333492835 52 0.04911045467559979 57 0.03620874541869604 61 0.02025053917283706 74 0.032266366457889877 87 0.03285764472482322 130 0.027108291895730934 187 0.025277387251588387 227 0.021357353270780192 265 0.010432089096117416 309 0.02017806681616599 
2 15 0 0.04450417708762904 9 0.014766173195229649 10 0.02886896040925293 17 0.10067467650536989 21 0.0661172804475184 36 0.056274847856319 43 0.03319775492474613 80 0.050589024546149275 96 0.025320379951180364 101 0.037847385346289786 124 0.032389529490420926 135 0.026318795993097194 159 0.03986035629614008 287 0.02976658800411309 299 0.02499533255969781 
3 10 0 0.03318821187947882 4 0.07530845981919486 7 0.0113155312046139 11 0.039705601069691725 33 0.04222418665814351 58 0.03504371389721802 75 0.03620108216205868 81 0.04578979751195425 100 0.03271246127957249 156 0.035286712550071056 
4 13 3 0.07530845981919486 18 0.04815290997419268 24 0.04653658736346283 27 0.08447918981650206 31 0.01704622121359861 86 0.025087906252720928 102 0.042473972874389934 122 0.013885708305046452 162 0.041368990467372795 166 0.05444245231184532 172 0.04271489769228034 219 0.022123155140534447 302 0.032142368240449797 
5 21 1 0.0073333443842099845 6 0.05431691409373454 8 0.04285419178883263 13 0.010035232399091376 14 0.04864526799286498 17 0.07416253406339475 19 0.07755121693976333 20 0.05692486601589021 22 0.024467873118094986 23 0.015183655685541865 29 0.009075412490945671 49 0.031501819289139144 50 0.04616544720907151 57 0.03989027797440302 61 0.024706899676321864 72 0.041134727078683604 74 0.031922097987244276 87 0.03541379940266699 130 0.02933860201536037 265 0.014155010806927762 309 0.019730193336698672 
6 15 1 0.05073244626655448 5 0.05431691409373454 8 0.011691491051423048 12 0.05107856320445521 16 0.05130789853820808 28 0.020711820312237134 38 0.04173406160358945 41 0.05053106663846874 51 0.05006754243781088 56 0.03925735312675855 67 0.0398778945398789 120 0.02220145605985886 137 0.02753340643398094 169 0.019945717927925377 237 0.028176754275274794 
7 9 0 0.03695304526271872 3 0.0113155312046139 9 0.07928677015103013 11 0.042897665572840055 58 0.039923607429465637 75 0.02772753776538418 81 0.037155525110829465 100 0.025151133445228714 165 0.03567008977710479 
8 18 1 0.03911459649311765 5 0.04285419178883263 6 0.011691491051423048 12 0.050641434116102245 13 0.04421142417235392 14 0.05140011065866488 16 0.04831436143854259 22 0.042275034318935076 28 0.012349071889105508 38 0.04474643257888088 56 0.050442129752193296 61 0.024430097971584634 67 0.03640302196361493 120 0.01644142101543724 137 0.019924768593013495 169 0.01663417747755708 187 0.015276098951769753 224 0.0276681245233413 
9 13 2 0.014766173195229649 7 0.07928677015103013 10 0.035201957845130326 21 0.061586184033794934 36 0.05774814227256139 43 0.044331594257840674 96 0.012783502234330708 101 0.02806555716862518 124 0.03318715636039548 135 0.02734989022831132 159 0.03702902788373991 202 0.02900585709791997 299 0.020859530961202157 
10 9 0 0.04006920951658828 2 0.02886896040925293 9 0.035201957845130326 43 0.030280200585626617 75 0.02863696835107665 81 0.03043812718933433 96 0.04754656380043328 159 0.026415719194502762 165 0.03846334691659367 
11 9 0 0.01251851594528942 3 0.039705601069691725 7 0.042897665572840055 12 0.059432290378728776 15 0.038276235446997216 43 0.026481337871392903 58 0.01103160512589179 73 0.02391727689094625 165 0.0382467808682474 
12 19 6 0.05107856320445521 8 0.050641434116102245 11 0.059432290378728776 15 0.023698784742182986 27 0.06709687173370997 30 0.05118529999371705 38 0.032613546836132316 40 0.05659895763666546 41 0.038998132541914914 47 0.03463025732872208 51 0.04410751321645398 52 0.03991899367682794 64 0.02048450098253313 99 0.04350357225724242 136 0.03174415913362196 142 0.030725343565061077 177 0.0375367896822156 238 0.020506144618782977 297 0.029225886728014135 
13 13 1 0.009450972380904471 5 0.010035232399091376 8 0.04421142417235392 17 0.07147879754290455 19 0.07833213164186442 20 0.055194917108989876 22 0.021973311139350922 23 0.01957530157331754 29 0.014007864015010436 49 0.030991216835350895 50 0.04662689707084819 130 0.033357521207898644 265 0.0171136241806101 
14 14 1 0.045869981271848104 5 0.04864526799286498 8 0.05140011065866488 16 0.029485797208733018 26 0.03932056909147378 42 0.03184486955239218 63 0.03544911083492824 67 0.027651230477906536 74 0.030572347412151292 87 0.029229321816308183 130 0.027558137437426678 170 0.03431243121967658 189 0.03374359182811452 282 0.020731374198353983 
15 11 0 0.044981635150028204 11 0.038276235446997216 12 0.023698784742182986 27 0.06822467992335442 33 0.05219910621582781 47 0.037877041876028576 52 0.04276424220881154 64 0.038874416104916105 142 0.04183937712596446 177 0.01915969447472573 238 0.029799517025685805 
16 12 6 0.05130789853820808 8 0.04831436143854259 14 0.029485797208733018 38 0.02704999452959707 40 0.05180758463895328 64 0.038059612872186586 67 0.012860313338359122 99 0.028616941622543537 186 0.04726861911757938 189 0.018086034319232377 240 0.02069803255871076 282 0.026326724340782405 
17 17 1 0.07448840414144454 2 0.10067467650536989 5 0.07416253406339475 13 0.07147879754290455 19 0.0436940025646382 20 0.018589495241853674 21 0.05807888397702479 25 0.057658230295960615 34 0.04327005272210019 36 0.060742687168299635 37 0.0423091372365767 60 0.03914298242762001 62 0.03841130079115612 65 0.04358230664873404 72 0.03649053177661833 76 0.021656884525785878 114 0.030320199302005756 
18 17 4 0.04815290997419268 32 0.02577075479856728 35 0.05290960905551286 39 0.060245542231152686 45 0.04198985150673159 46 0.04870306598974125 71 0.01930581840912625 97 0.061971532647527874 98 0.03289841114727944 109 0.03810041989496292 110 0.029758487039725365 126 0.019233293633263024 166 0.0530390371719259 208 0.03448380717523776 219 0.0354358680715157 292 0.047684499856838085 302 0.017860322729951087 
19 13 1 0.08052495808640772 5 0.07755121693976333 13 0.07833213164186442 17 0.0436940025646382 20 0.03775492598937288 25 0.033399699196717814 34 0.05919873059622557 37 0.04165886573695668 50 0.0347087886849175 60 0.021144152041624058 114 0.01983971475068061 127 0.012705333112182499 307 0.027118655814658835 
20 14 5 0.05692486601589021 13 0.055194917108989876 17 0.018589495241853674 19 0.03775492598937288 21 0.06965125251423608 25 0.055168997811167866 37 0.04541825360869968 49 0.03764025278612366 50 0.02995589226648289 60 0.03866256389397214 62 0.04045238371333174 72 0.01915148958331272 76 0.03282544370863266 207 0.03633916895494293 
21 16 2 0.0661172804475184 9 0.061586184033794934 17 0.05807888397702479 20 0.06965125251423608 36 0.027048505720692565 54 0.051691770440426006 62 0.04004179867376688 65 0.03561672794697914 82 0.01912953007052221 125 0.026845012796334177 149 0.014347543626492673 155 0.026922455729305995 181 0.02407289207866372 201 0.020294649415632592 213 0.026217147608636734 270 0.019117572959710467 
22 17 1 0.02017493114099324 5 0.024467873118094986 8 0.042275034318935076 13 0.021973311139350922 23 0.033268309907718424 28 0.03409641663291364 52 0.03723694140913601 57 0.024401898117534192 61 0.021104601753406227 72 0.04052245340805701 120 0.03660894326409044 123 0.028321997935527986 137 0.03338608579217647 185 0.014594683930335936 227 0.02287415821607146 265 0.013734889745116682 305 0.02930028264428793 
23 6 1 0.019334466634204323 5 0.015183655685541865 13 0.01957530157331754 22 0.033268309907718424 28 0.034785881351305614 29 0.00857824683313921 
24 15 4 0.04653658736346283 31 0.05643580111326878 44 0.01234757460999873 54 0.056383288749350134 55 0.04452459690679383 83 0.02793231313204209 86 0.04189788932990161 89 0.050881446650748265 102 0.019031751399583817 122 0.03352002509744435 147 0.02943754931409428 160 0.026751613465177914 172 0.03696975280732017 193 0.018716187484425516 298 0.029155023628991274 
25 15 17 0.057658230295960615 19 0.033399699196717814 20 0.055168997811167866 34 0.04721219908421477 37 0.02639870621265027 60 0.01993483322578983 66 0.027970765262681815 68 0.035748056987000315 91 0.05972173705991236 108 0.05605598528086934 114 0.030928561347034512 116 0.04219018616092214 127 0.02479354091172783 182 0.01860754092167056 307 0.016634034063116882 
26 13 14 0.03932056909147378 42 0.01603944491804199 63 0.013957379569989789 70 0.019011692431889833 88 0.04309515705014293 111 0.04312359784276187 115 0.04819351567662998 119 0.03792035047870331 141 0.030190056046665113 170 0.011652052872991744 183 0.027347183839128163 195 0.026395204901752668 228 0.011337153289239362 
27 15 4 0.08447918981650206 12 0.06709687173370997 15 0.06822467992335442 30 0.02699289811116804 33 0.05242331622307933 41 0.047333512708377205 47 0.04861446981776716 59 0.04708810040291364 71 0.053290784397959326 98 0.04203138408776838 133 0.0451670488884606 179 0.02706465451777615 210 0.031045890627512427 231 0.02323303994905292 274 0.04302212783016557 
28 11 6 0.020711820312237134 8 0.012349071889105508 22 0.03409641663291364 23 0.034785881351305614 61 0.01738805086061207 120 0.01487922775195056 137 0.01879362145195413 169 0.016963057016963573 185 0.024298741089276155 187 0.01775129921589912 224 0.0269527786721584 
29 8 1 0.013113117639304062 5 0.009075412490945671 13 0.014007864015010436 23 0.00857824683313921 49 0.036267264122519946 74 0.037096491264115995 130 0.033244127321730106 265 0.02031855330541946 
30 11 12 0.05118529999371705 27 0.02699289811116804 33 0.03633014526608957 40 0.04163993566069813 41 0.04286488495419532 59 0.024868800814052742 94 0.04490591483175943 148 0.02866834743134336 177 0.03891032186618293 210 0.037233064948012394 231 0.008544584133774477 
31 11 4 0.01704622121359861 24 0.05643580111326878 44 0.05615881255502042 86 0.02416830164123217 122 0.025975023998904365 162 0.03678136858154832 166 0.05634943298311922 219 0.023380898745711632 235 0.01134860319086926 258 0.02157920843264523 292 0.05764859460318661 
32 17 18 0.02577075479856728 35 0.0357692885540817 39 0.0565770403065255 45 0.031137208165235828 46 0.047043249380151246 53 0.08622163280295067 71 0.04219703311267738 85 0.053604349979348605 97 0.04677801552373863 109 0.032810633469719394 110 0.02238279292096661 126 0.0238367025891031 196 0.042514277767728884 208 0.021966729875336165 220 0.037735648419013404 275 0.035547545275269404 286 0.024880022078890597 
33 10 3 0.04222418665814351 15 0.05219910621582781 27 0.05242331622307933 30 0.03633014526608957 40 0.056003687341976534 59 0.021324333743488504 94 0.03807042026596268 156 0.009362322893219902 177 0.033196437020478725 210 0.0363418339587497 
34 10 17 0.04327005272210019 19 0.05919873059622557 25 0.04721219908421477 37 0.021107949724267973 66 0.05713470789165656 68 0.02297112842924682 78 0.026956308146298468 103 0.0542425745249432 188 0.009781869293497412 267 0.024381625712333842 
35 10 18 0.05290960905551286 32 0.0357692885540817 39 0.03865476053029885 45 0.05846418708557147 53 0.06138770568796454 77 0.046758114406914235 85 0.05064253461859474 109 0.02295364117782535 117 0.049552757057524356 196 0.01876247082491914 
36 23 2 0.056274847856319 9 0.05774814227256139 17 0.060742687168299635 21 0.027048505720692565 54 0.05100814665649347 55 0.03480736732164728 62 0.027602424389363056 65 0.033558992691483845 69 0.039780025158834414 82 0.029541543041921834 83 0.05408919840026312 125 0.02767338885246678 135 0.030837114066923844 149 0.023374354680869118 155 0.019026928707111215 168 0.05301634355077428 181 0.027821129025669303 201 0.021283693738654155 213 0.026481971585576518 251 0.02080954512200591 255 0.01835873229957372 270 0.018223133714106374 308 0.021188893973827318 
37 15 17 0.0423091372365767 19 0.04165886573695668 20 0.04541825360869968 25 0.02639870621265027 34 0.021107949724267973 60 0.021561426919663014 66 0.040916381592824624 68 0.017327160181798053 78 0.04377881734337533 91 0.06908920558209347 114 0.02670783808069202 127 0.0298666371728796 182 0.03183219074183179 188 0.028819312285021853 307 0.01674754175907662 
38 19 6 0.04173406160358945 8 0.04474643257888088 12 0.032613546836132316 16 0.02704999452959707 40 0.044964554023690276 41 0.033689799214707515 51 0.04169034674896567 56 0.044628616287991134 64 0.018425420222259473 67 0.02566327411165793 99 0.02424547287594768 112 0.03480578577355697 133 0.04372965095927862 136 0.017289401813930634 148 0.03919384960406437 217 0.03138782791634587 238 0.026137458199266224 240 0.011312755508911185 249 0.01534208223757087 
39 15 18 0.060245542231152686 32 0.0565770403065255 35 0.03865476053029885 46 0.013433821931515695 48 0.019686105828931825 53 0.08210372018499774 77 0.026518519399430295 92 0.04312529047964163 105 0.026948099756336573 109 0.028185788731944425 121 0.029343612286825707 129 0.03210066656623227 131 0.03886692202388078 250 0.03407983976782467 256 0.01958960901096383 
40 10 12 0.05659895763666546 16 0.05180758463895328 30 0.04163993566069813 33 0.056003687341976534 38 0.044964554023690276 59 0.03691202142322304 94 0.032606455588344456 99 0.024699907569778638 148 0.017189537915905297 186 0.024077395037883514 
41 15 6 0.05053106663846874 12 0.038998132541914914 27 0.047333512708377205 30 0.04286488495419532 38 0.033689799214707515 47 0.03926481781111083 51 0.010812271742657621 56 0.030947293289152963 64 0.024313098502352394 112 0.006449163634430373 133 0.018409110955425117 136 0.01873637072420994 179 0.032916630364528215 217 0.025439394804221815 274 0.04315638914443137 
42 12 14 0.03184486955239218 26 0.01603944491804199 63 0.008391653602132473 70 0.013479820093096487 88 0.04313721195606553 111 0.030555412814620524 119 0.023679139027644427 141 0.03744611021258785 170 0.00825501709455764 175 0.036860429643876765 183 0.027907504673753268 228 0.02113495980374018 
43 12 0 0.031452624794297064 2 0.03319775492474613 9 0.044331594257840674 10 0.030280200585626617 11 0.026481337871392903 54 0.06852652495452781 58 0.034108764727966326 73 0.031060688136264072 75 0.04804640790680984 96 0.053691469246772774 135 0.03514221727410459 165 0.027880215418626002 
44 13 24 0.01234757460999873 31 0.05615881255502042 54 0.06012145323236235 79 0.04322843331559242 83 0.034013294843841836 86 0.04526050547960128 89 0.04165675932693057 102 0.02901763810941732 122 0.034179272956247966 147 0.03064103309155762 160 0.035572336929465216 172 0.027484902695900246 298 0.022214931058405395 
45 14 18 0.04198985150673159 32 0.031137208165235828 35 0.05846418708557147 85 0.04452844263115528 97 0.021831968696868254 110 0.029150393404828476 172 0.03961683333672009 173 0.03826720782879028 208 0.015215098815956105 220 0.027680388170306422 258 0.015894254163746745 275 0.008955766865621653 286 0.029948417526039092 303 0.007951836360142545 
46 20 18 0.04870306598974125 32 0.047043249380151246 39 0.013433821931515695 48 0.02637987880406789 53 0.0875475812836766 71 0.04641283818600938 77 0.030945171906694813 85 0.05325252188245835 92 0.052622808516709696 105 0.021881730071015175 109 0.02258535482649558 110 0.03149191664569133 121 0.0190612076129228 129 0.022380056219719755 131 0.05122325894677894 139 0.039803572655186616 190 0.026662437911415458 242 0.030857371445191285 256 0.00628390118875626 261 0.02893333582893899 
47 9 12 0.03463025732872208 15 0.037877041876028576 27 0.04861446981776716 41 0.03926481781111083 51 0.03862229869285709 142 0.024240253747543135 162 0.03417401275787041 179 0.02822981263778337 274 0.012781422420915222 
48 14 39 0.019686105828931825 46 0.02637987880406789 53 0.08962742779985186 77 0.023622702077888778 92 0.0294093925767234 105 0.029951581233633975 131 0.032218715405468584 190 0.03073283916075571 250 0.015898721252253268 261 0.02846927102237502 263 0.032378305685888224 266 0.032180695427800596 279 0.024703306611736676 301 0.03777467445039549 
49 7 1 0.036236685333492835 5 0.031501819289139144 13 0.030991216835350895 20 0.03764025278612366 29 0.036267264122519946 50 0.03363714795464843 207 0.03450497935221842 
50 10 5 0.04616544720907151 13 0.04662689707084819 19 0.0347087886849175 20 0.02995589226648289 49 0.03363714795464843 66 0.05129664306867103 72 0.02662706779849857 116 0.028339428255433872 207 0.008162260216674964 278 0.025240268801115025 
51 15 6 0.05006754243781088 12 0.04410751321645398 38 0.04169034674896567 41 0.010812271742657621 47 0.03862229869285709 56 0.02951670973239769 64 0.03291813142916475 112 0.013226516913586582 133 0.021757322063807982 136 0.028488010741447543 142 0.04217579236401676 179 0.0310348526009089 217 0.027942634336417447 237 0.029556875539196285 274 0.040767695690069 
52 12 1 0.04911045467559979 12 0.03991899367682794 15 0.04276424220881154 22 0.03723694140913601 57 0.013729849022390323 69 0.04464662325946468 73 0.03406535511825485 84 0.028491280451261546 123 0.01532418236351576 142 0.04177035826862432 297 0.022255891141447267 305 0.024213479179493205 
53 11 32 0.08622163280295067 35 0.06138770568796454 39 0.08210372018499774 46 0.0875475812836766 48 0.08962742779985186 117 0.026816376498913653 154 0.05471225441288219 167 0.06816192957258783 196 0.04626827936444913 243 0.037366254605602674 276 0.013307953478220716 
54 14 21 0.051691770440426006 24 0.056383288749350134 36 0.05100814665649347 43 0.06852652495452781 44 0.06012145323236235 55 0.030896545864326462 82 0.04825129396373986 83 0.03213960868874835 143 0.04729392616296944 147 0.030240805793625796 160 0.040943035349278636 168 0.026791824626460726 216 0.01587139963653981 259 0.013555351091927566 
55 11 24 0.04452459690679383 36 0.03480736732164728 54 0.030896545864326462 82 0.049614459906384245 83 0.023980409847224608 102 0.05253411020235215 149 0.04656834482022587 160 0.038591002616461645 168 0.04849372485858976 193 0.042728064407156305 259 0.031063866768734492 
56 8 6 0.03925735312675855 8 0.050442129752193296 38 0.044628616287991134 41 0.030947293289152963 51 0.02951670973239769 112 0.035838163148358505 133 0.03179254044999523 217 0.013702509464819055 
57 10 1 0.03620874541869604 5 0.03989027797440302 22 0.024401898117534192 52 0.013729849022390323 84 0.029878768003446413 123 0.011698636039835966 185 0.024500176129113063 227 0.019984534133566424 297 0.02637919593501967 305 0.0229319939487966 
58 7 0 0.0054538502840884035 3 0.03504371389721802 7 0.039923607429465637 11 0.01103160512589179 43 0.034108764727966326 73 0.032519582031878096 75 0.04943954330651834 
59 10 27 0.04708810040291364 30 0.024868800814052742 33 0.021324333743488504 40 0.03691202142322304 94 0.025149397656740603 148 0.034101224585728174 156 0.030050606499762572 177 0.03626027791786699 186 0.044660526505798374 231 0.02911322592017867 
60 11 17 0.03914298242762001 19 0.021144152041624058 20 0.03866256389397214 25 0.01993483322578983 37 0.021561426919663014 66 0.04065581819216025 68 0.028702049872779876 114 0.01102458421199561 127 0.009536306842700109 182 0.03411594976514183 307 0.006401951421736331 
61 15 1 0.02025053917283706 5 0.024706899676321864 8 0.024430097971584634 22 0.021104601753406227 28 0.01738805086061207 74 0.038100484859105985 87 0.03671434652986965 120 0.021612571383328158 123 0.02532381726163692 137 0.018943734735641968 169 0.025749865422988433 185 0.014805762059196873 187 0.015926126270778735 227 0.020154236117061523 265 0.014047082033144533 
62 13 17 0.03841130079115612 20 0.04045238371333174 21 0.04004179867376688 36 0.027602424389363056 65 0.02111861125457177 69 0.02718466366035324 82 0.043600910467943836 84 0.0275792941813144 125 0.020238790611765735 149 0.038128156044349756 201 0.02022471070079522 251 0.011103782424389213 255 0.023548203135989897 
63 13 14 0.03544911083492824 26 0.013957379569989789 42 0.008391653602132473 70 0.012292425799225527 88 0.04090182175741593 111 0.033984344468786495 119 0.02936053972422742 141 0.03328562815426247 170 0.003674931541136069 183 0.021190170542086415 195 0.027688428365770158 228 0.017174195934895102 232 0.03631483569816795 
64 15 12 0.02048450098253313 15 0.038874416104916105 16 0.038059612872186586 38 0.018425420222259473 41 0.024313098502352394 51 0.03291813142916475 67 0.038627579790529415 99 0.031475933620330514 112 0.025734688290736465 133 0.03883656352032365 136 0.011660224422141006 148 0.03497706823486039 238 0.015496373724734247 240 0.017615032184705313 249 0.021322259028420526 
65 18 17 0.04358230664873404 21 0.03561672794697914 36 0.033558992691483845 62 0.02111861125457177 69 0.02277948253868457 76 0.03374051346701475 80 0.04626850836664805 82 0.047799112747581946 96 0.05295933124069153 125 0.026564333957385413 149 0.04136961615910056 155 0.03232003264900976 181 0.016273790997945094 201 0.020434543235841506 251 0.02769821941096625 262 0.026025167456140516 270 0.02187032468532597 308 0.019552123606770895 
66 11 25 0.027970765262681815 34 0.05713470789165656 37 0.040916381592824624 50 0.05129664306867103 60 0.04065581819216025 90 0.07006917837545101 91 0.044082786124782426 93 0.06868654768593954 108 0.034450013812531516 116 0.029259436554240174 182 0.01306112040920242 
67 12 6 0.0398778945398789 8 0.03640302196361493 14 0.027651230477906536 16 0.012860313338359122 38 0.02566327411165793 64 0.038627579790529415 99 0.03647149647854713 120 0.035798292720195295 169 0.027917996530108454 189 0.014757927147588222 240 0.02188998144996175 282 0.026264379812592695 
68 11 25 0.035748056987000315 34 0.02297112842924682 37 0.017327160181798053 60 0.028702049872779876 78 0.042631559099912265 116 0.04312585421597635 127 0.0356649810197909 182 0.036608513669233775 188 0.0322493088572249 267 0.025158643209396668 307 0.026875737866521678 
69 9 36 0.039780025158834414 52 0.04464662325946468 62 0.02718466366035324 65 0.02277948253868457 73 0.035828905872635326 80 0.03177109597437441 84 0.03217172044163053 262 0.03126738223838073 287 0.027062845408316404 
70 16 26 0.019011692431889833 42 0.013479820093096487 63 0.012292425799225527 88 0.03000200156606504 111 0.026064860374306657 115 0.044962382581812455 119 0.024497835151567518 141 0.026384794695328614 170 0.014550715143236833 183 0.020361371259972543 195 0.02209478277239723 204 0.03207521848522914 223 0.024321436063198653 226 0.049998634719491904 228 0.01567760527451151 232 0.03309394742507826 
71 12 18 0.01930581840912625 27 0.053290784397959326 32 0.04219703311267738 46 0.04641283818600938 98 0.014547026117169569 121 0.033729505873059784 126 0.030111580884304393 129 0.03136879732123331 166 0.045648608155232445 219 0.034628439675983454 292 0.03979094826873689 302 0.023259247142768707 
72 6 5 0.041134727078683604 17 0.03649053177661833 20 0.01915148958331272 22 0.04052245340805701 50 0.02662706779849857 207 0.029026116716951118 
73 9 0 0.034668587365041484 11 0.02391727689094625 43 0.031060688136264072 52 0.03406535511825485 58 0.032519582031878096 69 0.035828905872635326 80 0.04811949720803771 84 0.03621576565698638 287 0.024680578852318478 
74 12 1 0.032266366457889877 5 0.031922097987244276 14 0.030572347412151292 29 0.037096491264115995 61 0.038100484859105985 87 0.014450204384694009 116 0.0408875053917965 130 0.019334065752042887 207 0.036928805577450804 278 0.023259015153654812 282 0.03276595102302197 309 0.01948910835035501 
75 9 0 0.04454358563912736 3 0.03620108216205868 7 0.02772753776538418 10 0.02863696835107665 43 0.04804640790680984 58 0.04943954330651834 81 0.010118795087092803 100 0.040962992681975834 165 0.04020075349998985 
76 4 17 0.021656884525785878 20 0.03282544370863266 65 0.03374051346701475 114 0.028180644829583285 
77 17 35 0.046758114406914235 39 0.026518519399430295 46 0.030945171906694813 48 0.023622702077888778 85 0.03683269514188661 92 0.033362576551862505 104 0.02766115631459285 105 0.019421232374948496 117 0.0472917788741597 131 0.03952421172969086 138 0.04190571889347827 152 0.030729865272356577 154 0.05019878601180781 190 0.02196008869007751 250 0.0313366644592433 261 0.01999536038950449 266 0.020466113858080313 
78 17 34 0.026956308146298468 37 0.04377881734337533 68 0.042631559099912265 90 0.07540429690680289 93 0.07364326417228091 95 0.07051549328930296 103 0.029186730578608214 106 0.04547350927027376 107 0.037534262346447744 113 0.027979838802515075 144 0.04257587679655214 188 0.026945365720120983 203 0.03117145670191513 260 0.026616716144572183 267 0.02323226557229924 277 0.017638675136380417 288 0.024001487128524346 
79 10 44 0.04322843331559242 89 0.013111993715445837 128 0.0366317676756048 143 0.029192119321613447 174 0.02000684035834895 178 0.03778804809807706 206 0.024351845064765096 212 0.03825421293388967 230 0.019259188502598116 273 0.024103248009675924 
80 7 2 0.050589024546149275 65 0.04626850836664805 69 0.03177109597437441 73 0.04811949720803771 101 0.05664413725011706 124 0.030483925388668343 246 0.02524175759730857 
81 6 0 0.05332307818510937 3 0.04578979751195425 7 0.037155525110829465 10 0.03043812718933433 75 0.010118795087092803 163 0.06198475870826359 
82 10 21 0.01912953007052221 36 0.029541543041921834 54 0.04825129396373986 55 0.049614459906384245 62 0.043600910467943836 65 0.047799112747581946 125 0.028469724261654797 149 0.007548114794175701 168 0.03501673632878265 259 0.038510137855766645 
83 14 24 0.02793231313204209 36 0.05408919840026312 44 0.034013294843841836 54 0.03213960868874835 55 0.023980409847224608 89 0.050474427170391724 102 0.03538359920098169 143 0.04775927583294408 147 0.014429888566805991 160 0.020698960518647683 168 0.055003650812660204 193 0.02551250288986394 216 0.03346474593397281 259 0.03392160785023373 
84 6 52 0.028491280451261546 57 0.029878768003446413 62 0.0275792941813144 69 0.03217172044163053 73 0.03621576565698638 255 0.0273821323135892 
85 23 32 0.053604349979348605 35 0.05064253461859474 45 0.04452844263115528 46 0.05325252188245835 77 0.03683269514188661 97 0.032222542504202624 104 0.03368429222860894 105 0.03433962098969722 117 0.04841488908787426 138 0.03117147940389491 152 0.031317269516205865 154 0.03920317843986177 163 0.0691665230115837 167 0.057869071345551706 173 0.0070597189775726535 196 0.04779158518991692 220 0.02042327203958502 233 0.028890791307275312 243 0.03594169738850556 257 0.02272570431878595 271 0.018801050947381003 276 0.05137808282528364 304 0.024943303329190168 
86 9 4 0.025087906252720928 24 0.04189788932990161 31 0.02416830164123217 44 0.04526050547960128 102 0.038617080369417425 122 0.024843238752429678 162 0.02537654945466376 172 0.04528534161853041 235 0.025657928109106224 
87 12 1 0.03285764472482322 5 0.03541379940266699 14 0.029229321816308183 61 0.03671434652986965 74 0.014450204384694009 116 0.04105872025442426 130 0.01732132600690876 175 0.02828330847041271 253 0.025758260175426137 278 0.020984822322180827 282 0.026812250353760614 309 0.021072704245161077 
88 20 26 0.04309515705014293 42 0.04313721195606553 63 0.04090182175741593 70 0.03000200156606504 90 0.056200783922719155 93 0.07694680737960714 111 0.036128464220174565 115 0.026134806770358763 141 0.020523813022414197 145 0.045573372730762354 164 0.0437861158173715 183 0.0307646313894162 191 0.034354138313031794 195 0.022024919606452302 204 0.01860907580715921 214 0.03956782412079265 223 0.02029138817281844 226 0.044792279848180676 232 0.0334156364063224 296 0.025868965188769466 
89 12 24 0.050881446650748265 44 0.04165675932693057 79 0.013111993715445837 83 0.050474427170391724 128 0.043443020898208624 143 0.025551513837427008 147 0.03944972037581669 174 0.014271744650440297 206 0.029809498572649563 230 0.020822611327332992 273 0.027504952919082153 298 0.034275677001074006 
90 18 66 0.07006917837545101 78 0.07540429690680289 88 0.056200783922719155 91 0.03889584108813761 93 0.023161370903956546 95 0.03165705863417914 108 0.039219734486247784 115 0.047475175091411095 118 0.02946177007571324 140 0.042996351048242565 145 0.02455498862103771 150 0.017311234875006187 153 0.04295782516146311 191 0.041600982897709 192 0.006933092576450318 197 0.0317402533336285 214 0.02855399644954154 236 0.013049459945471464 
91 14 25 0.05972173705991236 37 0.06908920558209347 66 0.044082786124782426 90 0.03889584108813761 93 0.03403777566643616 95 0.051796750325830206 108 0.016576387172605792 115 0.05203551374275805 145 0.031017087362178782 153 0.021669153925530277 164 0.04399114051851644 192 0.033842075870765834 197 0.027248717613504392 300 0.033342622282748216 
92 10 39 0.04312529047964163 46 0.052622808516709696 48 0.0294093925767234 77 0.033362576551862505 117 0.05619182686412792 131 0.019703975862187337 250 0.02330158791825231 263 0.031427798263481334 266 0.02522554317613135 301 0.030400895029372786 
93 15 66 0.06868654768593954 78 0.07364326417228091 88 0.07694680737960714 90 0.023161370903956546 91 0.03403777566643616 95 0.018675364618115853 108 0.04075644252845106 118 0.04029566851465079 140 0.04730895181320874 145 0.03626021282622747 150 0.02852611868953114 153 0.029466035186630823 192 0.01852241247832819 197 0.01325759262617833 236 0.024390522208375977 
94 5 30 0.04490591483175943 33 0.03807042026596268 40 0.032606455588344456 59 0.025149397656740603 186 0.03627110292577522 
95 10 78 0.07051549328930296 90 0.03165705863417914 91 0.051796750325830206 93 0.018675364618115853 118 0.04221077292860887 140 0.03452057232742914 150 0.026622555516065193 153 0.046667350685784106 192 0.030469574148608902 197 0.030161827231699564 
96 9 2 0.025320379951180364 9 0.012783502234330708 10 0.04754656380043328 43 0.053691469246772774 65 0.05295933124069153 101 0.01967158307332646 135 0.028042353345515764 202 0.018644324404507737 299 0.01760352833849983 
97 14 18 0.061971532647527874 32 0.04677801552373863 45 0.021831968696868254 85 0.032222542504202624 172 0.039879282480846504 173 0.025471232448667697 208 0.029483263967951437 220 0.019708407714059614 234 0.03234543789288302 257 0.03272923907331352 275 0.0198427572833079 289 0.023056755074295134 303 0.01735239848092875 304 0.028252707317946796 
98 6 18 0.03289841114727944 27 0.04203138408776838 71 0.014547026117169569 126 0.040730758413268175 166 0.03961613023273849 292 0.03395045521515078 
99 10 12 0.04350357225724242 16 0.028616941622543537 38 0.02424547287594768 40 0.024699907569778638 64 0.031475933620330514 67 0.03647149647854713 148 0.027902711415470082 186 0.03089162538644463 238 0.026469782854069715 249 0.017148680144483678 
100 4 3 0.03271246127957249 7 0.025151133445228714 75 0.040962992681975834 165 0.03624689357848332 
101 7 2 0.037847385346289786 9 0.02806555716862518 80 0.05664413725011706 96 0.01967158307332646 124 0.027146584365127745 202 0.012371155111442819 299 0.016113231587202265 
102 7 4 0.042473972874389934 24 0.019031751399583817 44 0.02901763810941732 55 0.05253411020235215 83 0.03538359920098169 86 0.038617080369417425 122 0.03209975955474496 
103 12 34 0.0542425745249432 78 0.029186730578608214 106 0.018893888684095368 107 0.021662048676567517 113 0.03480305267693026 144 0.02657316302606169 146 0.03070277133618666 157 0.03687150541242917 161 0.034309269410573336 176 0.020731759312464865 260 0.0277095773185873 277 0.024307083741805614 
104 14 77 0.02766115631459285 85 0.03368429222860894 105 0.030315819329436736 138 0.025540534391295073 152 0.010618133503971136 154 0.043916777847256123 173 0.03619313120741831 190 0.02587622721541421 239 0.024409807953175384 247 0.03918660754107753 261 0.02488529271911478 266 0.022405058076921613 271 0.023314039854094647 301 0.040024806892038925 
105 20 39 0.026948099756336573 46 0.021881730071015175 48 0.029951581233633975 77 0.019421232374948496 85 0.03433962098969722 104 0.030315819329436736 109 0.03562455136327211 110 0.028657076639998155 117 0.058241397426214876 121 0.03220656422982208 129 0.03596756225519688 131 0.054368728627722254 138 0.04786493342550788 139 0.04198060690663162 152 0.029251930329184484 173 0.03542197611779764 190 0.00858990246269494 256 0.021051392897848294 261 0.014134317644137416 286 0.025574380882027542 
106 13 78 0.04547350927027376 103 0.018893888684095368 107 0.024834368564227306 128 0.05096773466458118 132 0.05920803254804969 140 0.05341461086551972 143 0.046361935579812545 144 0.034571569317658174 146 0.017107808073163873 151 0.0393287467106314 161 0.023672811227628755 176 0.01676755553008134 184 0.04051583468915303 
107 6 78 0.037534262346447744 103 0.021662048676567517 106 0.024834368564227306 144 0.02007122212632762 146 0.036995513477970275 151 0.05548446186494049 
108 14 25 0.05605598528086934 66 0.034450013812531516 90 0.039219734486247784 91 0.016576387172605792 93 0.04075644252845106 115 0.043223266835643155 118 0.042358686897857684 145 0.02277275507184918 153 0.03704651954502757 164 0.04189583128897506 182 0.03853539878466668 191 0.0339961644930297 197 0.037529714982499275 300 0.027863085850634593 
109 13 18 0.03810041989496292 32 0.032810633469719394 35 0.02295364117782535 39 0.028185788731944425 46 0.02258535482649558 105 0.03562455136327211 110 0.028712997447565697 121 0.030553908580882142 126 0.031777968396076 129 0.0308955496325685 196 0.04008091047985565 256 0.022211839469167775 286 0.02921375542595135 
110 17 18 0.029758487039725365 32 0.02238279292096661 45 0.029150393404828476 46 0.03149191664569133 105 0.028657076639998155 109 0.028712997447565697 121 0.030753740836706882 126 0.03514707488017942 129 0.031757353116592196 196 0.048595010886014145 208 0.022871343100641664 220 0.03324310067945535 256 0.026264425273244334 275 0.03197172626676622 286 0.011266257261742092 302 0.02826262697037864 303 0.03100114205102304 
111 9 26 0.04312359784276187 42 0.030555412814620524 63 0.033984344468786495 70 0.026064860374306657 88 0.036128464220174565 119 0.011642798496458733 134 0.0230461332016454 141 0.0457660244398429 223 0.03040712405658558 
112 11 38 0.03480578577355697 41 0.006449163634430373 51 0.013226516913586582 56 0.035838163148358505 64 0.025734688290736465 133 0.01781791296202596 136 0.020803176041694273 179 0.030497413864755383 217 0.029707163291309638 231 0.03747885569006288 274 0.04136601786697886 
113 14 78 0.027979838802515075 103 0.03480305267693026 157 0.03270517213798012 171 0.02892871049995609 180 0.028516560799217133 194 0.024930035046921557 200 0.023002908714817097 222 0.026531415356656447 241 0.015394610602157698 245 0.0308315969264264 260 0.008923026254382174 267 0.028020127921976074 281 0.029539989996423162 288 0.01634414652712261 
114 8 17 0.030320199302005756 19 0.01983971475068061 25 0.030928561347034512 37 0.02670783808069202 60 0.01102458421199561 76 0.028180644829583285 127 0.011376964087420345 307 0.01603498802953116 
115 15 26 0.04819351567662998 70 0.044962382581812455 88 0.026134806770358763 90 0.047475175091411095 91 0.05203551374275805 108 0.043223266835643155 141 0.02193946277322533 145 0.031958323377487434 164 0.022375125721348716 191 0.010884497392786855 195 0.027758077949796043 204 0.014907965157912645 223 0.03044113725053297 283 0.019890747735205657 300 0.021069895401176923 
116 9 25 0.04219018616092214 50 0.028339428255433872 66 0.029259436554240174 68 0.04312585421597635 74 0.0408875053917965 87 0.04105872025442426 175 0.03423849254354701 182 0.03692288902006245 207 0.024911288107269627 
117 10 35 0.049552757057524356 53 0.026816376498913653 77 0.0472917788741597 85 0.04841488908787426 92 0.05619182686412792 105 0.058241397426214876 154 0.04063158222573635 196 0.041334699220607576 243 0.024872702828325093 276 0.017827009347910296 
118 13 90 0.02946177007571324 93 0.04029566851465079 95 0.04221077292860887 108 0.042358686897857684 140 0.04733125193790408 145 0.034527524583575483 150 0.022704415865180835 157 0.025854697985637495 192 0.03344844694217306 198 0.02007193932527283 203 0.02226825158101237 209 0.025311174788228766 214 0.031339073476015326 
119 9 26 0.03792035047870331 42 0.023679139027644427 63 0.02936053972422742 70 0.024497835151567518 111 0.011642798496458733 134 0.023799098548164338 170 0.03072015921005235 175 0.03216211844066182 252 0.029654751915887616 
120 15 6 0.02220145605985886 8 0.01644142101543724 22 0.03660894326409044 28 0.01487922775195056 61 0.021612571383328158 67 0.035798292720195295 123 0.03139185115887622 137 0.0074548094320580575 142 0.039098085052461914 169 0.011175803737544593 185 0.022788431839268986 187 0.021807048059830206 224 0.012674555422252154 237 0.026327529991191874 305 0.029058581630902355 
121 10 39 0.029343612286825707 46 0.0190612076129228 71 0.033729505873059784 105 0.03220656422982208 109 0.030553908580882142 110 0.030753740836706882 129 0.004533733928171531 139 0.02938682202367011 242 0.02506311978826716 256 0.01587920871952971 
122 10 4 0.013885708305046452 24 0.03352002509744435 31 0.025975023998904365 44 0.034179272956247966 86 0.024843238752429678 102 0.03209975955474496 162 0.04708885210329322 172 0.03202782116495628 219 0.034989753384334174 258 0.03356090979051914 
123 9 22 0.028321997935527986 52 0.01532418236351576 57 0.011698636039835966 61 0.02532381726163692 120 0.03139185115887622 185 0.022732831195582216 227 0.021421465189649394 297 0.01945374117880889 305 0.019333816862473187 
124 8 2 0.032389529490420926 9 0.03318715636039548 80 0.030483925388668343 101 0.027146584365127745 202 0.022524151032729207 246 0.03207073520658182 262 0.01709262843150464 299 0.015115440234753664 
125 11 21 0.026845012796334177 36 0.02767338885246678 62 0.020238790611765735 65 0.026564333957385413 82 0.028469724261654797 149 0.023812164249904157 181 0.02788066248083114 201 0.012593558701531334 251 0.016045436793269547 255 0.029701349989597725 270 0.025300658138411383 
126 6 18 0.019233293633263024 32 0.0238367025891031 71 0.030111580884304393 98 0.040730758413268175 109 0.031777968396076 110 0.03514707488017942 
127 7 19 0.012705333112182499 25 0.02479354091172783 37 0.0298666371728796 60 0.009536306842700109 68 0.0356649810197909 114 0.011376964087420345 307 0.015148519375358393 
128 21 79 0.0366317676756048 89 0.043443020898208624 106 0.05096773466458118 132 0.038583680834519504 143 0.04290113380424084 151 0.026131852656370774 158 0.03662598150310048 163 0.054748525398120265 174 0.0393923862240366 178 0.03984700811169205 184 0.01830665729874648 199 0.04636294124159003 206 0.017011834125134708 211 0.04491994917697349 212 0.006033311024113802 218 0.03820679825251911 225 0.027045468330154664 230 0.027327870025235814 273 0.03291475001832521 285 0.010981032215851269 290 0.03856053919582423 
129 10 39 0.03210066656623227 46 0.022380056219719755 71 0.03136879732123331 105 0.03596756225519688 109 0.0308955496325685 110 0.031757353116592196 121 0.004533733928171531 139 0.03178359604990012 242 0.02774807705100788 256 0.019331753094388646 
130 11 1 0.027108291895730934 5 0.02933860201536037 13 0.033357521207898644 14 0.027558137437426678 29 0.033244127321730106 74 0.019334065752042887 87 0.01732132600690876 175 0.04085776022981677 207 0.036528481940532875 278 0.0207964165278999 309 0.020703867456602573 
131 8 39 0.03886692202388078 46 0.05122325894677894 48 0.032218715405468584 77 0.03952421172969086 92 0.019703975862187337 105 0.054368728627722254 250 0.029948528934604434 263 0.03957318215918695 
132 12 106 0.05920803254804969 128 0.038583680834519504 140 0.050082481120982895 151 0.03876242287698301 158 0.03974838714122894 163 0.05992100911069399 199 0.041231287585131976 205 0.03434810490320454 211 0.042295052388597036 225 0.025072563765514626 254 0.018560136103362598 272 0.028475454813737654 
133 10 27 0.0451670488884606 38 0.04372965095927862 41 0.018409110955425117 51 0.021757322063807982 56 0.03179254044999523 64 0.03883656352032365 112 0.01781791296202596 136 0.0296736200774475 179 0.03814324854018492 217 0.028920633890533017 
134 7 111 0.0230461332016454 119 0.023799098548164338 180 0.03473395596900624 200 0.029958900011173916 245 0.023868375132367472 280 0.030786395655918307 284 0.02542228716283706 
135 9 2 0.026318795993097194 9 0.02734989022831132 36 0.030837114066923844 43 0.03514221727410459 96 0.028042353345515764 155 0.01689221547364401 181 0.02963063661345261 213 0.017041144445280782 308 0.023310822095558327 
136 12 12 0.03174415913362196 38 0.017289401813930634 41 0.01873637072420994 51 0.028488010741447543 64 0.011660224422141006 112 0.020803176041694273 133 0.0296736200774475 148 0.032787745716401716 217 0.025180649739420573 238 0.02468008257943491 240 0.022771609882939938 249 0.016741335301870882 
137 12 6 0.02753340643398094 8 0.019924768593013495 22 0.03338608579217647 28 0.01879362145195413 61 0.018943734735641968 120 0.0074548094320580575 142 0.04117676442848731 169 0.015192341870383905 185 0.019615060396841452 187 0.019954491237892398 224 0.012763345347808005 237 0.03209313622682819 
138 16 77 0.04190571889347827 85 0.03117147940389491 104 0.025540534391295073 105 0.04786493342550788 152 0.024853711623371157 154 0.03180662704290352 158 0.046932003496282446 163 0.05628559483037727 173 0.03411911800798077 205 0.037220293691747015 221 0.025698271729631406 233 0.027500604566227143 239 0.03847583497202435 271 0.014646203937447954 294 0.025847907634091716 295 0.02730359548016251 
139 7 46 0.039803572655186616 105 0.04198060690663162 121 0.02938682202367011 129 0.03178359604990012 242 0.022129714532095696 244 0.02548628185553309 306 0.021969751755919982 
140 9 90 0.042996351048242565 93 0.04730895181320874 95 0.03452057232742914 106 0.05341461086551972 118 0.04733125193790408 132 0.050082481120982895 150 0.029118194159290216 211 0.04663653491443781 272 0.027648932051947916 
141 18 26 0.030190056046665113 42 0.03744611021258785 63 0.03328562815426247 70 0.026384794695328614 88 0.020523813022414197 111 0.0457660244398429 115 0.02193946277322533 164 0.0442439704837877 170 0.03425819169630583 183 0.02515284880320805 191 0.03030375916292482 195 0.00795388538751897 204 0.007730345959917828 223 0.0250330364082287 226 0.04824239953194105 228 0.019051282050666484 232 0.03614073909701778 296 0.03411135782497574 
142 9 12 0.030725343565061077 15 0.04183937712596446 47 0.024240253747543135 51 0.04217579236401676 52 0.04177035826862432 120 0.039098085052461914 137 0.04117676442848731 237 0.03240678900690919 274 0.03365469928776893 
143 14 54 0.04729392616296944 79 0.029192119321613447 83 0.04775927583294408 89 0.025551513837427008 106 0.046361935579812545 128 0.04290113380424084 144 0.047676524858297216 147 0.03818474605457428 151 0.049589398649229725 174 0.017896610196584322 206 0.026419873165707777 216 0.03311066904250987 230 0.025643829210797577 268 0.030768015799780515 
144 7 78 0.04257587679655214 103 0.02657316302606169 106 0.034571569317658174 107 0.02007122212632762 143 0.047676524858297216 216 0.04363466834059927 268 0.032853054460246944 
145 15 88 0.045573372730762354 90 0.02455498862103771 91 0.031017087362178782 93 0.03626021282622747 108 0.02277275507184918 115 0.031958323377487434 118 0.034527524583575483 150 0.03759927450862188 153 0.043998214593314114 164 0.027768381711154404 191 0.02335466521339865 192 0.02508957213742933 214 0.03699017252897699 236 0.01589980533094548 300 0.0181201540126251 
146 14 103 0.03070277133618666 106 0.017107808073163873 107 0.036995513477970275 150 0.047026480837871545 151 0.039232374149699524 157 0.03153712483652404 161 0.026462829811684734 171 0.03290303665619625 176 0.02164609149567964 211 0.045425293750950495 215 0.02878485221148489 218 0.043457777011196096 225 0.03199741149555811 272 0.026792686767144826 
147 12 24 0.02943754931409428 44 0.03064103309155762 54 0.030240805793625796 83 0.014429888566805991 89 0.03944972037581669 143 0.03818474605457428 160 0.026710197686688694 174 0.03880270253927221 193 0.02377312706639894 216 0.02865078731454424 259 0.0373282523765879 298 0.03797791502983201 
148 11 30 0.02866834743134336 38 0.03919384960406437 40 0.017189537915905297 59 0.034101224585728174 64 0.03497706823486039 99 0.027902711415470082 136 0.032787745716401716 186 0.03844694141277922 231 0.029555714340054978 238 0.03128115333032361 249 0.025021062095165848 
149 13 21 0.014347543626492673 36 0.023374354680869118 55 0.04656834482022587 62 0.038128156044349756 65 0.04136961615910056 82 0.007548114794175701 125 0.023812164249904157 155 0.0309635486940612 168 0.03876228537067638 201 0.021884949488679556 251 0.029978090615992395 255 0.033101812887630803 259 0.03958628857025082 
150 12 90 0.017311234875006187 93 0.02852611868953114 95 0.026622555516065193 118 0.022704415865180835 140 0.029118194159290216 145 0.03759927450862188 146 0.047026480837871545 153 0.05441706664779381 192 0.02168492615402182 198 0.03321385660776999 214 0.02839130016230796 236 0.029295653668733393 
151 17 106 0.0393287467106314 107 0.05548446186494049 128 0.026131852656370774 132 0.03876242287698301 143 0.049589398649229725 146 0.039232374149699524 158 0.05205892832903171 184 0.01538395843324873 199 0.0371010596125287 211 0.02195872936282823 212 0.024126513356960845 218 0.017482345137187272 225 0.030084736031306063 254 0.0318605274120968 269 0.03907925213765497 272 0.03155383877352736 285 0.02280022624929897 
152 15 77 0.030729865272356577 85 0.031317269516205865 104 0.010618133503971136 105 0.029251930329184484 138 0.024853711623371157 154 0.048960560358079455 173 0.03210105546494903 190 0.023627889183216837 239 0.02882190241254488 247 0.039583854362908 261 0.022066038262841384 266 0.031398500529368524 271 0.02303986299750522 291 0.03540863029045875 304 0.023614325930021624 
153 8 90 0.04295782516146311 91 0.021669153925530277 93 0.029466035186630823 95 0.046667350685784106 108 0.03704651954502757 145 0.043998214593314114 150 0.05441706664779381 197 0.017605522900775977 
154 16 53 0.05471225441288219 77 0.05019878601180781 85 0.03920317843986177 104 0.043916777847256123 117 0.04063158222573635 138 0.03180662704290352 152 0.048960560358079455 158 0.0541739774829317 163 0.05319445872344829 167 0.04349168543678756 221 0.0227765419936814 233 0.014185796077403402 243 0.019562888824492208 257 0.04078052698548741 271 0.030101934101583478 276 0.04258100373684917 
155 9 21 0.026922455729305995 36 0.019026928707111215 65 0.03232003264900976 135 0.01689221547364401 149 0.0309635486940612 181 0.020123475678894227 213 0.010022803372708427 270 0.014004280839149405 308 0.012839244828421628 
156 5 3 0.035286712550071056 33 0.009362322893219902 59 0.030050606499762572 177 0.035888739614068 210 0.039349433589388846 
157 15 103 0.03687150541242917 113 0.03270517213798012 118 0.025854697985637495 146 0.03153712483652404 171 0.01275646105438371 176 0.03095992707392818 180 0.020685771117057973 198 0.021323613551796045 203 0.01905183762044 209 0.015300982772078826 215 0.020415954736966533 222 0.029630068492819753 229 0.007181856355600901 277 0.02393687772042871 288 0.02482373620238829 
158 15 128 0.03662598150310048 132 0.03974838714122894 138 0.046932003496282446 151 0.05205892832903171 154 0.0541739774829317 163 0.021921211426738908 167 0.046327574381012926 178 0.03586213443610793 199 0.04379743751925664 205 0.01381008115607793 212 0.035791304513461 221 0.03293015275027427 269 0.04615455144530717 290 0.02623012718768827 294 0.028791984315080548 
159 3 2 0.03986035629614008 9 0.03702902788373991 10 0.026415719194502762 
160 7 24 0.026751613465177914 44 0.035572336929465216 54 0.040943035349278636 55 0.038591002616461645 83 0.020698960518647683 147 0.026710197686688694 193 0.01652917592262937 
161 10 103 0.034309269410573336 106 0.023672811227628755 146 0.026462829811684734 171 0.035401660453436366 174 0.03731513527170023 176 0.017839379976732784 194 0.034100383652064706 225 0.027979217973381917 264 0.037426617891164214 285 0.029592724087636173 
162 8 4 0.041368990467372795 31 0.03678136858154832 47 0.03417401275787041 86 0.02537654945466376 122 0.04708885210329322 166 0.06027407911577296 235 0.029804113902254292 274 0.028361340105325223 
163 13 81 0.06198475870826359 85 0.0691665230115837 128 0.054748525398120265 132 0.05992100911069399 138 0.05628559483037727 154 0.05319445872344829 158 0.021921211426738908 167 0.029740049803295535 178 0.04356990077455519 199 0.053043362564737545 205 0.03321892848046529 221 0.035288766987109206 290 0.029255576811400466 
164 10 88 0.0437861158173715 91 0.04399114051851644 108 0.04189583128897506 115 0.022375125721348716 141 0.0442439704837877 145 0.027768381711154404 191 0.01830550216375783 236 0.028477295603848502 283 0.025479251702393242 300 0.015513638527525887 
165 6 7 0.03567008977710479 10 0.03846334691659367 11 0.0382467808682474 43 0.027880215418626002 75 0.04020075349998985 100 0.03624689357848332 
166 8 4 0.05444245231184532 18 0.0530390371719259 31 0.05634943298311922 71 0.045648608155232445 98 0.03961613023273849 162 0.06027407911577296 219 0.03501133217874491 292 0.01129154377065845 
167 7 53 0.06816192957258783 85 0.057869071345551706 154 0.04349168543678756 158 0.046327574381012926 163 0.029740049803295535 221 0.03523529132701598 233 0.03876142015956733 
168 8 36 0.05301634355077428 54 0.026791824626460726 55 0.04849372485858976 82 0.03501673632878265 83 0.055003650812660204 149 0.03876228537067638 216 0.038266881538586615 259 0.021689196990187898 
169 11 6 0.019945717927925377 8 0.01663417747755708 28 0.016963057016963573 61 0.025749865422988433 67 0.027917996530108454 120 0.011175803737544593 137 0.015192341870383905 187 0.024401761931345904 189 0.032615870390353054 224 0.01615642671248136 237 0.028533892758636055 
170 9 14 0.03431243121967658 26 0.011652052872991744 42 0.00825501709455764 63 0.003674931541136069 70 0.014550715143236833 119 0.03072015921005235 141 0.03425819169630583 183 0.02288869930104576 228 0.017079031989565865 
171 16 113 0.02892871049995609 146 0.03290303665619625 157 0.01275646105438371 161 0.035401660453436366 176 0.025694813026847316 180 0.013546012157891122 194 0.028889797981927548 198 0.028331662530289077 200 0.027291007277509244 203 0.02930503989679327 209 0.02087832641138978 215 0.016865685565704207 222 0.017575135077297768 229 0.016539361064743185 245 0.025588259792154792 280 0.026799527535295496 
172 8 4 0.04271489769228034 24 0.03696975280732017 44 0.027484902695900246 45 0.03961683333672009 86 0.04528534161853041 97 0.039879282480846504 122 0.03202782116495628 298 0.025733287497113153 
173 15 45 0.03826720782879028 85 0.0070597189775726535 97 0.025471232448667697 104 0.03619313120741831 105 0.03542197611779764 138 0.03411911800798077 152 0.03210105546494903 208 0.03924394232809484 220 0.015981827465671037 233 0.033887242390356655 243 0.04240038786254025 257 0.022941930171454288 271 0.022117678621389174 275 0.03733780350432041 304 0.02036779019028598 
174 10 79 0.02000684035834895 89 0.014271744650440297 128 0.0393923862240366 143 0.017896610196584322 147 0.03880270253927221 161 0.03731513527170023 206 0.025148922900754725 230 0.013505950921006368 273 0.022824731568858225 298 0.034914202731576 
175 7 42 0.036860429643876765 87 0.02828330847041271 116 0.03423849254354701 119 0.03216211844066182 130 0.04085776022981677 252 0.018369925939898932 253 0.027662259461453273 
176 9 103 0.020731759312464865 106 0.01676755553008134 146 0.02164609149567964 157 0.03095992707392818 161 0.017839379976732784 171 0.025694813026847316 180 0.037450673989191635 194 0.02843025423481689 215 0.028515505765844204 
177 7 12 0.0375367896822156 15 0.01915969447472573 30 0.03891032186618293 33 0.033196437020478725 59 0.03626027791786699 156 0.035888739614068 186 0.05160421495860535 
178 7 79 0.03778804809807706 128 0.03984700811169205 158 0.03586213443610793 163 0.04356990077455519 234 0.02068641423565761 273 0.031922753259861415 290 0.017858473736820184 
179 8 27 0.02706465451777615 41 0.032916630364528215 47 0.02822981263778337 51 0.0310348526009089 112 0.030497413864755383 133 0.03814324854018492 231 0.035739049988462154 274 0.021422394309385594 
180 17 113 0.028516560799217133 134 0.03473395596900624 157 0.020685771117057973 171 0.013546012157891122 176 0.037450673989191635 194 0.03117752471550677 198 0.029196737642471545 200 0.018122227893389676 203 0.03269473684900171 209 0.017676238364268095 215 0.024768571606968496 222 0.015862412688646063 229 0.026564403591848654 245 0.013338813600982758 280 0.019361271541965982 284 0.028966896307615175 293 0.02728525393045058 
181 11 21 0.02407289207866372 36 0.027821129025669303 65 0.016273790997945094 125 0.02788066248083114 135 0.02963063661345261 155 0.020123475678894227 201 0.01888950360134544 213 0.016308084768363137 262 0.024808170524915105 270 0.010199857201868983 308 0.009220002465915002 
182 8 25 0.01860754092167056 37 0.03183219074183179 60 0.03411594976514183 66 0.01306112040920242 68 0.036608513669233775 108 0.03853539878466668 116 0.03692288902006245 307 0.03048239765247148 
183 12 26 0.027347183839128163 42 0.027907504673753268 63 0.021190170542086415 70 0.020361371259972543 88 0.0307646313894162 141 0.02515284880320805 170 0.02288869930104576 195 0.01741063139861288 204 0.029543915863933342 226 0.03752329360959476 232 0.021201363583314467 296 0.03318115398418492 
184 13 106 0.04051583468915303 128 0.01830665729874648 151 0.01538395843324873 199 0.041890957555543465 206 0.02641598912742333 211 0.030128308098365 212 0.01983158497205113 218 0.022593540879364767 225 0.024835968277106258 254 0.03143215365334152 269 0.04357539470761474 272 0.03182153125720229 285 0.015680079799856108 
185 10 22 0.014594683930335936 28 0.024298741089276155 57 0.024500176129113063 61 0.014805762059196873 120 0.022788431839268986 123 0.022732831195582216 137 0.019615060396841452 224 0.02861564147387525 265 0.01892773040530079 305 0.020215306940611688 
186 8 16 0.04726861911757938 40 0.024077395037883514 59 0.044660526505798374 94 0.03627110292577522 99 0.03089162538644463 148 0.03844694141277922 177 0.05160421495860535 248 0.03209388291037663 
187 7 1 0.025277387251588387 8 0.015276098951769753 28 0.01775129921589912 61 0.015926126270778735 120 0.021807048059830206 137 0.019954491237892398 169 0.024401761931345904 
188 4 34 0.009781869293497412 37 0.028819312285021853 68 0.0322493088572249 78 0.026945365720120983 
189 5 14 0.03374359182811452 16 0.018086034319232377 67 0.014757927147588222 169 0.032615870390353054 282 0.030517594156709193 
190 9 46 0.026662437911415458 48 0.03073283916075571 77 0.02196008869007751 104 0.02587622721541421 105 0.00858990246269494 152 0.023627889183216837 239 0.04216467124945345 256 0.025293244444211535 261 0.008229056425471488 
191 10 88 0.034354138313031794 90 0.041600982897709 108 0.0339961644930297 115 0.010884497392786855 141 0.03030375916292482 145 0.02335466521339865 164 0.01830550216375783 204 0.024283752878103197 283 0.014472027557615667 300 0.010897683671209683 
192 10 90 0.006933092576450318 91 0.033842075870765834 93 0.01852241247832819 95 0.030469574148608902 118 0.03344844694217306 145 0.02508957213742933 150 0.02168492615402182 197 0.02566551054759522 214 0.03516247548966387 236 0.0117020387909065 
193 5 24 0.018716187484425516 55 0.042728064407156305 83 0.02551250288986394 147 0.02377312706639894 160 0.01652917592262937 
194 10 113 0.024930035046921557 161 0.034100383652064706 171 0.028889797981927548 176 0.02843025423481689 180 0.03117752471550677 200 0.02496352268228469 222 0.016835982130813026 260 0.02074951860645309 281 0.02376883279579372 293 0.01763252287831974 
195 13 26 0.026395204901752668 63 0.027688428365770158 70 0.02209478277239723 88 0.022024919606452302 115 0.027758077949796043 141 0.00795388538751897 183 0.01741063139861288 204 0.01320191219619055 223 0.024949656509462563 226 0.04469934893835112 228 0.01583160953249039 232 0.031041884143913245 296 0.03314249584551342 
196 8 32 0.042514277767728884 35 0.01876247082491914 53 0.04626827936444913 85 0.04779158518991692 109 0.04008091047985565 110 0.048595010886014145 117 0.041334699220607576 276 0.043193281880746046 
197 8 90 0.0317402533336285 91 0.027248717613504392 93 0.01325759262617833 95 0.030161827231699564 108 0.037529714982499275 153 0.017605522900775977 192 0.02566551054759522 236 0.02779940489773072 
198 10 118 0.02007193932527283 150 0.03321385660776999 157 0.021323613551796045 171 0.028331662530289077 180 0.029196737642471545 203 0.030693547275803187 209 0.020556783193747295 214 0.025752078688267212 215 0.0251933615536404 229 0.026607187158332733 
199 10 128 0.04636294124159003 132 0.041231287585131976 151 0.0371010596125287 158 0.04379743751925664 163 0.053043362564737545 184 0.041890957555543465 211 0.031535232976090566 218 0.03551253631507418 254 0.027201822186157226 269 0.008595750726175376 
200 13 113 0.023002908714817097 134 0.029958900011173916 171 0.027291007277509244 180 0.018122227893389676 194 0.02496352268228469 222 0.016007067253893684 241 0.024496467822455417 245 0.01092940972020131 252 0.03227691265719395 280 0.03043701670040843 281 0.022523229089176748 284 0.015150358413857586 293 0.015916679964051206 
201 12 21 0.020294649415632592 36 0.021283693738654155 62 0.02022471070079522 65 0.020434543235841506 125 0.012593558701531334 149 0.021884949488679556 181 0.01888950360134544 213 0.029438494379408667 251 0.018077811453943497 255 0.02874885859843521 270 0.015237830877345515 308 0.019768468538677045 
202 6 9 0.02900585709791997 96 0.018644324404507737 101 0.012371155111442819 124 0.022524151032729207 262 0.022887250262148773 299 0.01570905167072599 
203 11 78 0.03117145670191513 118 0.02226825158101237 157 0.01905183762044 171 0.02930503989679327 180 0.03269473684900171 198 0.030693547275803187 209 0.018935049689767704 229 0.018432346533088565 267 0.027262131784331595 277 0.022284574484812338 288 0.018715045058867886 
204 10 70 0.03207521848522914 88 0.01860907580715921 115 0.014907965157912645 141 0.007730345959917828 183 0.029543915863933342 191 0.024283752878103197 195 0.01320191219619055 223 0.024699645300850906 226 0.05041607048842936 296 0.035600897359663736 
205 8 132 0.03434810490320454 138 0.037220293691747015 158 0.01381008115607793 163 0.03321892848046529 212 0.03760430097746936 221 0.029002886476765837 294 0.016110120397544316 295 0.03164683357709734 
206 10 79 0.024351845064765096 89 0.029809498572649563 128 0.017011834125134708 143 0.026419873165707777 174 0.025148922900754725 184 0.02641598912742333 212 0.018746201053041273 230 0.01658562464757232 273 0.027645447955966993 285 0.021301851302325394 
207 8 20 0.03633916895494293 49 0.03450497935221842 50 0.008162260216674964 72 0.029026116716951118 74 0.036928805577450804 116 0.024911288107269627 130 0.036528481940532875 278 0.021566982719037772 
208 11 18 0.03448380717523776 32 0.021966729875336165 45 0.015215098815956105 97 0.029483263967951437 110 0.022871343100641664 173 0.03924394232809484 220 0.02766585425556404 258 0.023909248340976436 275 0.015069082352255112 286 0.022430563315182433 303 0.01884077063975798 
209 12 118 0.025311174788228766 157 0.015300982772078826 171 0.02087832641138978 180 0.017676238364268095 198 0.020556783193747295 203 0.018935049689767704 215 0.02988965842381142 229 0.021024680889327286 245 0.027713109736515182 252 0.029491768227400475 280 0.031146430102822708 288 0.021809864506639097 
210 5 27 0.031045890627512427 30 0.037233064948012394 33 0.0363418339587497 156 0.039349433589388846 231 0.037665248989101396 
211 11 128 0.04491994917697349 132 0.042295052388597036 140 0.04663653491443781 146 0.045425293750950495 151 0.02195872936282823 184 0.030128308098365 199 0.031535232976090566 218 0.01184753769325114 254 0.0271138574260537 269 0.034079691983402854 272 0.02863079297000519 
212 12 79 0.03825421293388967 128 0.006033311024113802 151 0.024126513356960845 158 0.035791304513461 184 0.01983158497205113 205 0.03760430097746936 206 0.018746201053041273 218 0.036920143904441496 225 0.02990334134205996 269 0.04373732138986718 285 0.014007097210554386 290 0.037881461550773404 
213 9 21 0.026217147608636734 36 0.026481971585576518 135 0.017041144445280782 155 0.010022803372708427 181 0.016308084768363137 201 0.029438494379408667 262 0.030277498406691257 270 0.01431496684266168 308 0.013208766176550245 
214 7 88 0.03956782412079265 90 0.02855399644954154 118 0.031339073476015326 145 0.03699017252897699 150 0.02839130016230796 192 0.03516247548966387 198 0.025752078688267212 
215 11 146 0.02878485221148489 157 0.020415954736966533 171 0.016865685565704207 176 0.028515505765844204 180 0.024768571606968496 198 0.0251933615536404 209 0.02988965842381142 222 0.0286400460721588 229 0.023971445682138867 264 0.03492984447205499 280 0.02586388415989568 
216 8 54 0.01587139963653981 83 0.03346474593397281 143 0.03311066904250987 144 0.04363466834059927 147 0.02865078731454424 168 0.038266881538586615 259 0.025348825442150676 268 0.01568172652920768 
217 7 38 0.03138782791634587 41 0.025439394804221815 51 0.027942634336417447 56 0.013702509464819055 112 0.029707163291309638 133 0.028920633890533017 136 0.025180649739420573 
218 9 128 0.03820679825251911 146 0.043457777011196096 151 0.017482345137187272 184 0.022593540879364767 199 0.03551253631507418 211 0.01184753769325114 212 0.036920143904441496 254 0.03142112589567434 269 0.0361517804584008 
219 9 4 0.022123155140534447 18 0.0354358680715157 31 0.023380898745711632 71 0.034628439675983454 122 0.034989753384334174 166 0.03501133217874491 235 0.026248406980127065 292 0.03803160492736816 302 0.024310397964972374 
220 12 32 0.037735648419013404 45 0.027680388170306422 85 0.02042327203958502 97 0.019708407714059614 110 0.03324310067945535 173 0.015981827465671037 208 0.02766585425556404 257 0.026713071975829502 275 0.028370817717456864 286 0.02474413525782838 303 0.02653284431833932 304 0.028648320988841937 
221 11 138 0.025698271729631406 154 0.0227765419936814 158 0.03293015275027427 163 0.035288766987109206 167 0.03523529132701598 205 0.029002886476765837 233 0.02159829666096053 243 0.039865207360389746 271 0.030520674241570723 290 0.04278884679521746 294 0.029803606831731184 
222 12 113 0.026531415356656447 157 0.029630068492819753 171 0.017575135077297768 180 0.015862412688646063 194 0.016835982130813026 200 0.016007067253893684 215 0.0286400460721588 245 0.0173185869782499 260 0.02663493714488344 280 0.02624856544078549 281 0.028214900939743142 293 0.014742706134542498 
223 7 70 0.024321436063198653 88 0.02029138817281844 111 0.03040712405658558 115 0.03044113725053297 141 0.0250330364082287 195 0.024949656509462563 204 0.024699645300850906 
224 7 8 0.0276681245233413 28 0.0269527786721584 120 0.012674555422252154 137 0.012763345347808005 169 0.01615642671248136 185 0.02861564147387525 237 0.02553135907326915 
225 11 128 0.027045468330154664 132 0.025072563765514626 146 0.03199741149555811 151 0.030084736031306063 161 0.027979217973381917 184 0.024835968277106258 212 0.02990334134205996 254 0.034565127177127626 264 0.029218793814108468 272 0.02897023292916701 285 0.016703810134081228 
226 8 70 0.049998634719491904 88 0.044792279848180676 141 0.04824239953194105 183 0.03752329360959476 195 0.04469934893835112 204 0.05041607048842936 232 0.01778830732843235 296 0.02239172669703227 
227 7 1 0.021357353270780192 22 0.02287415821607146 57 0.019984534133566424 61 0.020154236117061523 123 0.021421465189649394 265 0.014694411555293654 297 0.030971254044382234 
228 7 26 0.011337153289239362 42 0.02113495980374018 63 0.017174195934895102 70 0.01567760527451151 141 0.019051282050666484 170 0.017079031989565865 195 0.01583160953249039 
229 8 157 0.007181856355600901 171 0.016539361064743185 180 0.026564403591848654 198 0.026607187158332733 203 0.018432346533088565 209 0.021024680889327286 215 0.023971445682138867 277 0.01850710775191437 
230 8 79 0.019259188502598116 89 0.020822611327332992 128 0.027327870025235814 143 0.025643829210797577 174 0.013505950921006368 206 0.01658562464757232 273 0.014098825685664843 285 0.029025473211342044 
231 7 27 0.02323303994905292 30 0.008544584133774477 59 0.02911322592017867 112 0.03747885569006288 148 0.029555714340054978 179 0.035739049988462154 210 0.037665248989101396 
232 8 63 0.03631483569816795 70 0.03309394742507826 88 0.0334156364063224 141 0.03614073909701778 183 0.021201363583314467 195 0.031041884143913245 226 0.01778830732843235 296 0.019300819194022396 
233 10 85 0.028890791307275312 138 0.027500604566227143 154 0.014185796077403402 167 0.03876142015956733 173 0.033887242390356655 221 0.02159829666096053 243 0.021839129756904944 257 0.02780701904244364 271 0.02129716425726741 276 0.04474197216786941 
234 5 97 0.03234543789288302 178 0.02068641423565761 257 0.024517847478446826 289 0.025583512903328293 290 0.028711070146056332 
235 6 31 0.01134860319086926 86 0.025657928109106224 162 0.029804113902254292 219 0.026248406980127065 258 0.0297095492763324 292 0.05437360789832344 
236 9 90 0.013049459945471464 93 0.024390522208375977 145 0.01589980533094548 150 0.029295653668733393 164 0.028477295603848502 192 0.0117020387909065 197 0.02779940489773072 283 0.029284469159636638 300 0.02578081185461486 
237 7 6 0.028176754275274794 51 0.029556875539196285 120 0.026327529991191874 137 0.03209313622682819 142 0.03240678900690919 169 0.028533892758636055 224 0.02553135907326915 
238 9 12 0.020506144618782977 15 0.029799517025685805 38 0.026137458199266224 64 0.015496373724734247 99 0.026469782854069715 136 0.02468008257943491 148 0.03128115333032361 240 0.02021117200423144 249 0.025126573598932046 
239 11 104 0.024409807953175384 138 0.03847583497202435 152 0.02882190241254488 190 0.04216467124945345 247 0.021907381087155623 264 0.039607485923858106 266 0.03133127371120786 279 0.03530511611969314 291 0.029577203886974938 301 0.025390591193351523 310 0.02875555655833583 
240 7 16 0.02069803255871076 38 0.011312755508911185 64 0.017615032184705313 67 0.02188998144996175 136 0.022771609882939938 238 0.02021117200423144 249 0.02155081512787253 
241 6 113 0.015394610602157698 200 0.024496467822455417 260 0.022281627125678993 267 0.030111720742307266 281 0.026317128136535313 284 0.025760368867494696 
242 6 46 0.030857371445191285 121 0.02506311978826716 129 0.02774807705100788 139 0.022129714532095696 279 0.035234204433239616 306 0.029675072114745602 
243 9 53 0.037366254605602674 85 0.03594169738850556 117 0.024872702828325093 154 0.019562888824492208 173 0.04240038786254025 221 0.039865207360389746 233 0.021839129756904944 257 0.03660763710332069 276 0.025189498527054596 
244 2 139 0.02548628185553309 306 0.03024416243342749 
245 11 113 0.0308315969264264 134 0.023868375132367472 171 0.025588259792154792 180 0.013338813600982758 200 0.01092940972020131 209 0.027713109736515182 222 0.0173185869782499 252 0.03173619694493741 280 0.020907233297650974 284 0.020236959517009347 293 0.02088931107978586 
246 2 80 0.02524175759730857 124 0.03207073520658182 
247 7 104 0.03918660754107753 152 0.039583854362908 239 0.021907381087155623 264 0.01958412043770334 291 0.014536111949580188 295 0.023405149559756006 310 0.0276380642565958 
248 1 186 0.03209388291037663 
249 7 38 0.01534208223757087 64 0.021322259028420526 99 0.017148680144483678 136 0.016741335301870882 148 0.025021062095165848 238 0.025126573598932046 240 0.02155081512787253 
250 9 39 0.03407983976782467 48 0.015898721252253268 77 0.0313366644592433 92 0.02330158791825231 131 0.029948528934604434 263 0.020363793253188617 266 0.03273700802049591 279 0.01576992987093712 301 0.026013201110308432 
251 7 36 0.02080954512200591 62 0.011103782424389213 65 0.02769821941096625 125 0.016045436793269547 149 0.029978090615992395 201 0.018077811453943497 255 0.0159641914617873 
252 6 119 0.029654751915887616 175 0.018369925939898932 200 0.03227691265719395 209 0.029491768227400475 245 0.03173619694493741 284 0.02843357045901441 
253 3 87 0.025758260175426137 175 0.027662259461453273 278 0.02803159244652996 
254 9 132 0.018560136103362598 151 0.0318605274120968 184 0.03143215365334152 199 0.027201822186157226 211 0.0271138574260537 218 0.03142112589567434 225 0.034565127177127626 269 0.03386396091551944 272 0.02510570570012354 
255 7 36 0.01835873229957372 62 0.023548203135989897 84 0.0273821323135892 125 0.029701349989597725 149 0.033101812887630803 201 0.02874885859843521 251 0.0159641914617873 
256 10 39 0.01958960901096383 46 0.00628390118875626 105 0.021051392897848294 109 0.022211839469167775 110 0.026264425273244334 121 0.01587920871952971 129 0.019331753094388646 190 0.025293244444211535 261 0.02850046444938745 286 0.029085914737490084 
257 10 85 0.02272570431878595 97 0.03272923907331352 154 0.04078052698548741 173 0.022941930171454288 220 0.026713071975829502 233 0.02780701904244364 234 0.024517847478446826 243 0.03660763710332069 276 0.04860731670035869 289 0.015531555930557932 
258 7 31 0.02157920843264523 45 0.015894254163746745 122 0.03356090979051914 208 0.023909248340976436 235 0.0297095492763324 275 0.022104848847332423 303 0.02011597274497874 
259 8 54 0.013555351091927566 55 0.031063866768734492 82 0.038510137855766645 83 0.03392160785023373 147 0.0373282523765879 149 0.03958628857025082 168 0.021689196990187898 216 0.025348825442150676 
260 8 78 0.026616716144572183 103 0.0277095773185873 113 0.008923026254382174 194 0.02074951860645309 222 0.02663493714488344 241 0.022281627125678993 281 0.03047501923851939 288 0.02168243833213829 
261 10 46 0.02893333582893899 48 0.02846927102237502 77 0.01999536038950449 104 0.02488529271911478 105 0.014134317644137416 152 0.022066038262841384 190 0.008229056425471488 256 0.02850046444938745 266 0.03175128503674598 279 0.03430542544826777 
262 6 65 0.026025167456140516 69 0.03126738223838073 124 0.01709262843150464 181 0.024808170524915105 202 0.022887250262148773 213 0.030277498406691257 
263 6 48 0.032378305685888224 92 0.031427798263481334 131 0.03957318215918695 250 0.020363793253188617 279 0.02306019416163378 301 0.027518390538766587 
264 8 161 0.037426617891164214 215 0.03492984447205499 225 0.029218793814108468 239 0.039607485923858106 247 0.01958412043770334 291 0.012334031364168259 295 0.02107750497061254 310 0.043949191850068944 
265 9 1 0.010432089096117416 5 0.014155010806927762 13 0.0171136241806101 22 0.013734889745116682 29 0.02031855330541946 61 0.014047082033144533 185 0.01892773040530079 227 0.014694411555293654 309 0.02218617615385833 
266 9 48 0.032180695427800596 77 0.020466113858080313 92 0.02522554317613135 104 0.022405058076921613 152 0.031398500529368524 239 0.03133127371120786 250 0.03273700802049591 261 0.03175128503674598 301 0.031153519205461996 
267 7 34 0.024381625712333842 68 0.025158643209396668 78 0.02323226557229924 113 0.028020127921976074 203 0.027262131784331595 241 0.030111720742307266 288 0.017601943991585947 
268 3 143 0.030768015799780515 144 0.032853054460246944 216 0.01568172652920768 
269 8 151 0.03907925213765497 158 0.04615455144530717 184 0.04357539470761474 199 0.008595750726175376 211 0.034079691983402854 212 0.04373732138986718 218 0.0361517804584008 254 0.03386396091551944 
270 9 21 0.019117572959710467 36 0.018223133714106374 65 0.02187032468532597 125 0.025300658138411383 155 0.014004280839149405 181 0.010199857201868983 201 0.015237830877345515 213 0.01431496684266168 308 0.007591029110312106 
271 9 85 0.018801050947381003 104 0.023314039854094647 138 0.014646203937447954 152 0.02303986299750522 154 0.030101934101583478 173 0.022117678621389174 221 0.030520674241570723 233 0.02129716425726741 304 0.02875225615263749 
272 8 132 0.028475454813737654 140 0.027648932051947916 146 0.026792686767144826 151 0.03155383877352736 184 0.03182153125720229 211 0.02863079297000519 225 0.02897023292916701 254 0.02510570570012354 
273 8 79 0.024103248009675924 89 0.027504952919082153 128 0.03291475001832521 174 0.022824731568858225 178 0.031922753259861415 206 0.027645447955966993 230 0.014098825685664843 298 0.0342022253592796 
274 8 27 0.04302212783016557 41 0.04315638914443137 47 0.012781422420915222 51 0.040767695690069 112 0.04136601786697886 142 0.03365469928776893 162 0.028361340105325223 179 0.021422394309385594 
275 9 32 0.035547545275269404 45 0.008955766865621653 97 0.0198427572833079 110 0.03197172626676622 173 0.03733780350432041 208 0.015069082352255112 220 0.028370817717456864 258 0.022104848847332423 303 0.007088293418383057 
276 8 53 0.013307953478220716 85 0.05137808282528364 117 0.017827009347910296 154 0.04258100373684917 196 0.043193281880746046 233 0.04474197216786941 243 0.025189498527054596 257 0.04860731670035869 
277 6 78 0.017638675136380417 103 0.024307083741805614 157 0.02393687772042871 203 0.022284574484812338 229 0.01850710775191437 288 0.020538567860871812 
278 7 50 0.025240268801115025 74 0.023259015153654812 87 0.020984822322180827 130 0.0207964165278999 207 0.021566982719037772 253 0.02803159244652996 309 0.011207375388535105 
279 8 48 0.024703306611736676 239 0.03530511611969314 242 0.035234204433239616 250 0.01576992987093712 261 0.03430542544826777 263 0.02306019416163378 301 0.021397579766656703 310 0.04330769589357872 
280 9 134 0.030786395655918307 171 0.026799527535295496 180 0.019361271541965982 200 0.03043701670040843 209 0.031146430102822708 215 0.02586388415989568 222 0.02624856544078549 245 0.020907233297650974 310 0.03947732895985236 
281 8 113 0.029539989996423162 194 0.02376883279579372 200 0.022523229089176748 222 0.028214900939743142 241 0.026317128136535313 260 0.03047501923851939 284 0.02411820878377252 293 0.018303605946280183 
282 6 14 0.020731374198353983 16 0.026326724340782405 67 0.026264379812592695 74 0.03276595102302197 87 0.026812250353760614 189 0.030517594156709193 
283 5 115 0.019890747735205657 164 0.025479251702393242 191 0.014472027557615667 236 0.029284469159636638 300 0.018088132146749508 
284 8 134 0.02542228716283706 180 0.028966896307615175 200 0.015150358413857586 241 0.025760368867494696 245 0.020236959517009347 252 0.02843357045901441 281 0.02411820878377252 293 0.025549396356132695 
285 8 128 0.010981032215851269 151 0.02280022624929897 161 0.029592724087636173 184 0.015680079799856108 206 0.021301851302325394 212 0.014007097210554386 225 0.016703810134081228 230 0.029025473211342044 
286 9 32 0.024880022078890597 45 0.029948417526039092 105 0.025574380882027542 109 0.02921375542595135 110 0.011266257261742092 208 0.022430563315182433 220 0.02474413525782838 256 0.029085914737490084 303 0.03070718918697372 
287 3 2 0.02976658800411309 69 0.027062845408316404 73 0.024680578852318478 
288 8 78 0.024001487128524346 113 0.01634414652712261 157 0.02482373620238829 203 0.018715045058867886 209 0.021809864506639097 260 0.02168243833213829 267 0.017601943991585947 277 0.020538567860871812 
289 3 97 0.023056755074295134 234 0.025583512903328293 257 0.015531555930557932 
290 7 128 0.03856053919582423 158 0.02623012718768827 163 0.029255576811400466 178 0.017858473736820184 212 0.037881461550773404 221 0.04278884679521746 234 0.028711070146056332 
291 7 152 0.03540863029045875 239 0.029577203886974938 247 0.014536111949580188 264 0.012334031364168259 294 0.032784132104477254 295 0.01574795848736189 310 0.040001731567230255 
292 7 18 0.047684499856838085 31 0.05764859460318661 71 0.03979094826873689 98 0.03395045521515078 166 0.01129154377065845 219 0.03803160492736816 235 0.05437360789832344 
293 7 180 0.02728525393045058 194 0.01763252287831974 200 0.015916679964051206 222 0.014742706134542498 245 0.02088931107978586 281 0.018303605946280183 284 0.025549396356132695 
294 6 138 0.025847907634091716 158 0.028791984315080548 205 0.016110120397544316 221 0.029803606831731184 291 0.032784132104477254 295 0.01751136548674208 
295 6 138 0.02730359548016251 205 0.03164683357709734 247 0.023405149559756006 264 0.02107750497061254 291 0.01574795848736189 294 0.01751136548674208 
296 7 88 0.025868965188769466 141 0.03411135782497574 183 0.03318115398418492 195 0.03314249584551342 204 0.035600897359663736 226 0.02239172669703227 232 0.019300819194022396 
297 5 12 0.029225886728014135 52 0.022255891141447267 57 0.02637919593501967 123 0.01945374117880889 227 0.030971254044382234 
298 7 24 0.029155023628991274 44 0.022214931058405395 89 0.034275677001074006 147 0.03797791502983201 172 0.025733287497113153 174 0.034914202731576 273 0.0342022253592796 
299 6 2 0.02499533255969781 9 0.020859530961202157 96 0.01760352833849983 101 0.016113231587202265 124 0.015115440234753664 202 0.01570905167072599 
300 8 91 0.033342622282748216 108 0.027863085850634593 115 0.021069895401176923 145 0.0181201540126251 164 0.015513638527525887 191 0.010897683671209683 236 0.02578081185461486 283 0.018088132146749508 
301 9 48 0.03777467445039549 92 0.030400895029372786 104 0.040024806892038925 239 0.025390591193351523 250 0.026013201110308432 263 0.027518390538766587 266 0.031153519205461996 279 0.021397579766656703 310 0.031395803012892604 
302 5 4 0.032142368240449797 18 0.017860322729951087 71 0.023259247142768707 110 0.02826262697037864 219 0.024310397964972374 
303 9 45 0.007951836360142545 97 0.01735239848092875 110 0.03100114205102304 208 0.01884077063975798 220 0.02653284431833932 258 0.02011597274497874 275 0.007088293418383057 286 0.03070718918697372 304 0.029405606342255034 
304 7 85 0.024943303329190168 97 0.028252707317946796 152 0.023614325930021624 173 0.02036779019028598 220 0.028648320988841937 271 0.02875225615263749 303 0.029405606342255034 
305 6 22 0.02930028264428793 52 0.024213479179493205 57 0.0229319939487966 120 0.029058581630902355 123 0.019333816862473187 185 0.020215306940611688 
306 3 139 0.021969751755919982 242 0.029675072114745602 244 0.03024416243342749 
307 8 19 0.027118655814658835 25 0.016634034063116882 37 0.01674754175907662 60 0.006401951421736331 68 0.026875737866521678 114 0.01603498802953116 127 0.015148519375358393 182 0.03048239765247148 
308 8 36 0.021188893973827318 65 0.019552123606770895 135 0.023310822095558327 155 0.012839244828421628 181 0.009220002465915002 201 0.019768468538677045 213 0.013208766176550245 270 0.007591029110312106 
309 7 1 0.02017806681616599 5 0.019730193336698672 74 0.01948910835035501 87 0.021072704245161077 130 0.020703867456602573 265 0.02218617615385833 278 0.011207375388535105 
310 7 239 0.02875555655833583 247 0.0276380642565958 264 0.043949191850068944 279 0.04330769589357872 280 0.03947732895985236 291 0.040001731567230255 301 0.031395803012892604 
-
0 0
1 1 0.06963470319634703 0.5205479452054794
2 0
3 2 0.0 0.021689497716894976 0.6118721461187214 0.704337899543379
4 0
5 3 0.08561643835616438 0.1232876712328767 0.3458904109589041 0.3641552511415525 0.3675799086757991 0.476027397260274
6 0
7 1 0.0 0.017123287671232876
8 0
9 0
10 0
11 1 0.0 0.00228310502283105
12 0
13 2 0.07420091324200913 0.12100456621004566 0.3698630136986301 0.5102739726027398
14 0
15 1 0.00684931506849315 0.0182648401826484
16 0
17 0
18 1 0.08561643835616438 0.4794520547945205
19 0
20 0
21 0
22 1 0.00684931506849315 0.01141552511415525
23 2 0.08447488584474885 0.11643835616438356 0.3835616438356164 0.4805936073059361
24 0
25 1 0.06506849315068493 0.54337899543379
26 0
27 0
28 1 0.11301369863013698 0.1187214611872146
29 2 0.06621004566210045 0.365296803652968 0.3675799086757991 0.5319634703196348
30 0
31 0
32 3 0.04908675799086758 0.10388127853881278 0.4280821917808219 0.6015981735159818 0.7625570776255708 0.7819634703196348
33 0
34 0
35 0
36 0
37 3 0.02054794520547945 0.04908675799086758 0.7191780821917808 0.7545662100456622 0.79337899543379 0.8687214611872146
38 0
39 0
40 0
41 0
42 0
43 0
44 0
45 0
46 0
47 0
48 0
49 0
50 2 0.04452054794520548 0.12442922374429223 0.3436073059360731 0.591324200913242
51 0
52 1 0.0 0.010273972602739725
53 0
54 0
55 0
56 0
57 1 0.0 0.01598173515981735
58 1 0.0 0.005707762557077625
59 0
60 0
61 0
62 0
63 0
64 0
65 0
66 1 0.12899543378995434 0.3333333333333333
67 0
68 3 0.017123287671232876 0.0730593607305936 0.5159817351598174 0.6095890410958904 0.6963470319634704 0.9965753424657534
69 0
70 0
71 1 0.10388127853881278 0.4315068493150685
72 0
73 0
74 1 0.0958904109589041 0.4497716894977169
75 0
76 0
77 0
78 0
79 0
80 1 0.0 0.003424657534246575
81 0
82 0
83 0
84 0
85 1 0.09018264840182648 0.4657534246575342
86 0
87 0
88 0
89 0
90 0
91 0
92 0
93 1 0.08789954337899543 0.4726027397260274
94 0
95 2 0.07420091324200913 0.07990867579908675 0.4942922374429224 0.5079908675799086
96 0
97 0
98 1 0.07990867579908675 0.4942922374429224
99 0
100 0
101 0
102 0
103 0
104 2 0.09360730593607305 0.13812785388127855 0.3127853881278539 0.4577625570776256
105 0
106 0
107 0
108 0
109 0
110 1 0.0867579908675799 0.4771689497716895
111 0
112 0
113 2 0.0136986301369863 0.09246575342465753 0.4634703196347032 0.610730593607306
114 0
115 0
116 0
117 0
118 1 0.08333333333333333 0.4863013698630137
119 0
120 1 0.08789954337899543 0.4714611872146119
121 0
122 0
123 0
124 0
125 0
126 1 0.07876712328767123 0.4977168949771689
127 0
128 0
129 0
130 0
131 0
132 2 0.021689497716894976 0.10616438356164383 0.4223744292237443 0.591324200913242
133 0
134 0
135 0
136 0
137 0
138 0
139 1 0.13470319634703196 0.3162100456621005
140 2 0.0365296803652968 0.11301369863013698 0.4029680365296804 0.569634703196347
141 0
142 1 0.0 0.014840182648401826
143 0
144 0
145 0
146 3 0.014840182648401826 0.06963470319634703 0.5273972602739726 0.6050228310502284 0.7100456621004566 0.9828767123287672
147 0
148 0
149 0
150 1 0.09360730593607305 0.4577625570776256
151 0
152 1 0.10159817351598173 0.4383561643835616
153 0
154 0
155 0
156 0
157 2 0.07990867579908675 0.11301369863013698 0.4029680365296804 0.5034246575342466
158 0
159 0
160 0
161 1 0.010273972602739725 0.04223744292237443
162 0
163 0
164 0
165 0
166 0
167 2 0.09246575342465753 0.11643835616438356 0.3892694063926941 0.4577625570776256
168 0
169 0
170 0
171 2 0.08561643835616438 0.11529680365296803 0.3972602739726027 0.4851598173515982
172 0
173 2 0.07191780821917808 0.1267123287671233 0.3276255707762557 0.519406392694064
174 0
175 0
176 2 0.03881278538812785 0.1050228310502283 0.4315068493150685 0.571917808219178
177 0
178 0
179 0
180 1 0.11073059360730593 0.4155251141552511
181 0
182 1 0.11643835616438356 0.3972602739726027
183 0
184 0
185 0
186 0
187 0
188 0
189 0
190 0
191 0
192 0
193 0
194 2 0.023972602739726026 0.10159817351598173 0.4394977168949772 0.5958904109589042
195 0
196 0
197 1 0.11529680365296803 0.3972602739726027
198 1 0.11073059360730593 0.4132420091324201
199 0
200 1 0.10388127853881278 0.4372146118721461
201 0
202 0
203 1 0.08789954337899543 0.4771689497716895
204 0
205 2 0.0228310502283105 0.0821917808219178 0.4885844748858447 0.613013698630137
206 0
207 1 0.07420091324200913 0.5102739726027398
208 2 0.06164383561643835 0.2237442922374429 0.23972602739726026 0.5547945205479452
209 1 0.10616438356164383 0.4280821917808219
210 0
211 0
212 0
213 0
214 0
215 1 0.11529680365296803 0.4052511415525114
216 0
217 0
218 0
219 0
220 2 0.0228310502283105 0.0867579908675799 0.4737442922374429 0.617579908675799
221 1 0.11643835616438356 0.3938356164383562
222 2 0.09931506849315068 0.19863013698630136 0.2682648401826484 0.4497716894977169
223 0
224 0
225 2 0.021689497716894976 0.09931506849315068 0.4440639269406393 0.5958904109589042
226 0
227 0
228 0
229 2 0.007990867579908675 0.09360730593607305 0.4577625570776256 0.6198630136986302
230 0
231 0
232 0
233 1 0.08105022831050228 0.4897260273972603
234 0
235 0
236 0
237 2 0.091324200913242 0.1187214611872146 0.4063926940639269 0.4611872146118721
238 0
239 0
240 0
241 2 0.001141552511415525 0.07876712328767123 0.5011415525114156 0.6289954337899544
242 0
243 0
244 1 0.12442922374429223 0.3618721461187215
245 0
246 1 0.0 0.005707762557077625
247 1 0.11301369863013698 0.4029680365296804
248 0
249 0
250 0
251 0
252 1 0.11187214611872145 0.410958904109589
253 1 0.03881278538812785 0.08447488584474885
254 0
255 0
256 0
257 0
258 0
259 0
260 3 0.012557077625570776 0.07420091324200913 0.5171232876712328 0.6118721461187214 0.6917808219178082 0.9942922374429224
261 0
262 0
263 0
264 2 0.091324200913242 0.12214611872146118 0.3538812785388128 0.4657534246575342
265 0
266 0
267 2 0.010273972602739725 0.0867579908675799 0.4771689497716895 0.6141552511415526
268 0
269 0
270 0
271 1 0.08789954337899543 0.4714611872146119
272 2 0.02511415525114155 0.07990867579908675 0.4942922374429224 0.58675799086758
273 0
274 0
275 2 0.0273972602739726 0.0867579908675799 0.476027397260274 0.5833333333333334
276 0
277 0
278 1 0.08789954337899543 0.4748858447488584
279 0
280 0
281 2 0.0182648401826484 0.04680365296803653 0.6575342465753424 0.7488584474885844
282 0
283 0
284 2 0.0776255707762557 0.09018264840182648 0.4634703196347032 0.5079908675799086
285 0
286 1 0.10273972602739725 0.432648401826484
287 0
288 2 0.014840182648401826 0.10273972602739725 0.4360730593607306 0.610730593607306
289 1 0.0 0.005707762557077625
290 0
291 1 0.1050228310502283 0.430365296803653
292 0
293 2 0.09703196347031963 0.14269406392694065 0.3219178082191781 0.4554794520547945
294 2 0.03881278538812785 0.08904109589041095 0.4680365296803653 0.6267123287671232
295 1 0.09246575342465753 0.4623287671232877
296 0
297 0
298 0
299 0
300 0
301 0
302 2 0.02511415525114155 0.09931506849315068 0.4429223744292237 0.6073059360730594
303 3 0.0228310502283105 0.0639269406392694 0.5399543378995434 0.6004566210045662 0.7180365296803652 0.9554794520547946
304 2 0.06735159817351598 0.10273972602739725 0.430365296803653 0.5365296803652968
305 1 0.0 0.005707762557077625
306 0
307 3 0.023972602739726026 0.05136986301369863 0.5753424657534246 0.6004566210045662 0.7191780821917808 0.8835616438356164
308 0
309 2 0.08904109589041095 0.1415525114155251 0.3127853881278539 0.4680365296803653
310 0
-
