0 5 1 0.4731788421103608 2 0.11851121558605057 4 0.21177723365919515 7 0.1967131919750276 16 0.22137761858043412 
1 6 0 0.4731788421103608 5 0.273513068037959 8 0.2039387408708217 10 0.2503360858179655 12 0.1792983220481631 19 0.22614460667942798 
2 4 0 0.11851121558605057 3 0.33228936425405353 4 0.1350278753439409 9 0.3469407562285025 
3 5 2 0.33228936425405353 6 0.19191192825279668 11 0.1976577328204105 14 0.3079922803415937 17 0.173886935435215 
4 6 0 0.21177723365919515 2 0.1350278753439409 6 0.30719410962880606 9 0.3483731138804504 14 0.32147002162463484 15 0.42697011847513233 
5 1 1 0.273513068037959 
6 6 3 0.19191192825279668 4 0.30719410962880606 7 0.2692494321362092 11 0.2678942772862609 14 0.2643380917941745 17 0.30107653166232184 
7 4 0 0.1967131919750276 6 0.2692494321362092 10 0.14585895563096465 16 0.09761376010481905 
8 4 1 0.2039387408708217 10 0.285984309035167 12 0.22466550212782382 19 0.09632098148577838 
9 4 2 0.3469407562285025 4 0.3483731138804504 13 0.36717651356725883 15 0.14548447782209006 
10 6 1 0.2503360858179655 7 0.14585895563096465 8 0.285984309035167 12 0.19959255238919998 16 0.11672504362333933 19 0.35987885142834775 
11 4 3 0.1976577328204105 6 0.2678942772862609 13 0.4419858146664648 17 0.3621097731165924 
12 5 1 0.1792983220481631 8 0.22466550212782382 10 0.19959255238919998 16 0.22313439588070022 19 0.24527838650438435 
13 2 9 0.36717651356725883 11 0.4419858146664648 
14 4 3 0.3079922803415937 4 0.32147002162463484 6 0.2643380917941745 17 0.27824716292397667 
15 3 4 0.42697011847513233 9 0.14548447782209006 20 0.1783109286163354 
16 4 0 0.22137761858043412 7 0.09761376010481905 10 0.11672504362333933 12 0.22313439588070022 
17 5 3 0.173886935435215 6 0.30107653166232184 11 0.3621097731165924 14 0.27824716292397667 18 0.21726972219963767 
18 2 17 0.21726972219963767 20 0.30955554727499335 
19 4 1 0.22614460667942798 8 0.09632098148577838 10 0.35987885142834775 12 0.24527838650438435 
20 2 15 0.1783109286163354 18 0.30955554727499335 
-
0 0
1 0
2 0
3 0
4 2 0.0 0.02247191011235955 0.6123595505617978 0.7078651685393258
5 0
6 1 0.0 0.016853932584269662
7 1 0.0 0.0056179775280898875
8 0
9 0
10 0
11 0
12 0
13 0
14 0
15 0
16 1 0.0 0.016853932584269662
17 0
18 1 0.12921348314606743 0.34831460674157305
19 0
20 0
-
