0 7 1 0.4731788421103608 2 0.11851121558605057 4 0.21177723365919515 7 0.1967131919750276 16 0.22137761858043412 33 0.23470519704724507 88 0.1807201914171394 
1 14 0 0.4731788421103608 5 0.273513068037959 8 0.2039387408708217 10 0.2503360858179655 12 0.1792983220481631 19 0.22614460667942798 39 0.18043487804215358 53 0.31582285503119434 59 0.3406269121925108 64 0.15288609205066203 79 0.23785714832244811 101 0.08837624374045001 109 0.05091019466736131 119 0.2240335747832795 
2 7 0 0.11851121558605057 3 0.33228936425405353 4 0.1350278753439409 9 0.3469407562285025 28 0.1812491707856729 33 0.2320279371289177 35 0.1796295940594652 
3 10 2 0.33228936425405353 6 0.19191192825279668 11 0.1976577328204105 14 0.3079922803415937 17 0.173886935435215 28 0.1765405750884105 29 0.15246720999336186 46 0.07864595468772316 48 0.196744161886137 58 0.12002595767045682 
4 11 0 0.21177723365919515 2 0.1350278753439409 6 0.30719410962880606 9 0.3483731138804504 14 0.32147002162463484 15 0.42697011847513233 28 0.1458262248039554 33 0.2031841109695514 35 0.09188880004508335 44 0.1477877935955797 78 0.17683485110443148 
5 9 1 0.273513068037959 23 0.17121527300556866 30 0.1980254191048831 53 0.10344475127910703 79 0.08183140949003351 81 0.16967547037342856 101 0.24337367790175315 119 0.0879345980866226 137 0.26241626252129585 
6 13 3 0.19191192825279668 4 0.30719410962880606 7 0.2692494321362092 11 0.2678942772862609 14 0.2643380917941745 17 0.30107653166232184 28 0.20681762129094797 33 0.14690959635396691 45 0.2749364318334014 46 0.20653041992887028 50 0.11038237144953753 52 0.18000065247690875 129 0.13992060374757626 
7 8 0 0.1967131919750276 6 0.2692494321362092 10 0.14585895563096465 16 0.09761376010481905 23 0.32470170340383353 30 0.2536413683000696 50 0.2756404462383802 88 0.08341430410733434 
8 16 1 0.2039387408708217 10 0.285984309035167 12 0.22466550212782382 19 0.09632098148577838 22 0.223083960268597 25 0.21841525579106094 39 0.20237917820295212 64 0.16754345920526187 75 0.13008346552556876 77 0.28169143098162963 87 0.20197846268948463 101 0.254749218965657 109 0.17521478911645 121 0.12181079474082104 124 0.10444241433133841 125 0.1965580823966018 
9 10 2 0.3469407562285025 4 0.3483731138804504 13 0.36717651356725883 15 0.14548447782209006 26 0.13194515072591917 27 0.09416355259437333 37 0.344790473841668 60 0.09760015695782523 110 0.17074637622627895 112 0.19205134782151115 
10 14 1 0.2503360858179655 7 0.14585895563096465 8 0.285984309035167 12 0.19959255238919998 16 0.11672504362333933 19 0.35987885142834775 21 0.23688606960508923 39 0.08825806067139813 62 0.2054812857037422 77 0.2901385089074342 84 0.22443346147278087 88 0.18438833052385234 100 0.30260540274054953 105 0.2450354869029309 
11 11 3 0.1976577328204105 6 0.2678942772862609 13 0.4419858146664648 17 0.3621097731165924 26 0.3606499567924666 36 0.22178794671331467 40 0.12774493641479798 41 0.12760922144434744 48 0.10117553539365302 113 0.22598777879001558 137 0.2790853141171021 
12 14 1 0.1792983220481631 8 0.22466550212782382 10 0.19959255238919998 16 0.22313439588070022 19 0.24527838650438435 21 0.09150325091220386 25 0.14281892271296062 39 0.15779761009447552 59 0.2605186483156148 62 0.12214136998400654 64 0.2332883235243231 65 0.15547986183276336 72 0.25242839236346704 75 0.13741463046767657 
13 11 9 0.36717651356725883 11 0.4419858146664648 36 0.23778322492211673 37 0.13962106883231376 38 0.22505284013838778 47 0.3067203106758408 56 0.20884362127945305 61 0.09493791902321133 63 0.15967838723784752 66 0.13667505985696235 135 0.2150741854691232 
14 9 3 0.3079922803415937 4 0.32147002162463484 6 0.2643380917941745 17 0.27824716292397667 45 0.1881758257929077 50 0.27512309714328553 52 0.21365619148964315 107 0.1488785546158921 129 0.1648750674881065 
15 11 4 0.42697011847513233 9 0.14548447782209006 20 0.1783109286163354 26 0.21631684947185445 27 0.21380797143159888 32 0.08924718872950711 34 0.255471528232569 43 0.12224470216034482 60 0.2157651008998895 98 0.13337572928004574 112 0.09817433952919112 
16 9 0 0.22137761858043412 7 0.09761376010481905 10 0.11672504362333933 12 0.22313439588070022 21 0.21498943624533084 39 0.18848787971451347 62 0.16231279772079174 84 0.26796415926400813 88 0.1406325552006302 
17 11 3 0.173886935435215 6 0.30107653166232184 11 0.3621097731165924 14 0.27824716292397667 18 0.21726972219963767 29 0.15001829305657877 42 0.27270925976190147 45 0.21722626123609576 46 0.10880283779120722 85 0.13350335774362168 95 0.15948443376165197 
18 10 17 0.21726972219963767 20 0.30955554727499335 31 0.2397742593836892 42 0.09906555864135834 57 0.047581239634720184 69 0.08957144472165504 74 0.1679718505221293 76 0.083233505376611 85 0.17348041797443908 90 0.21965962130227848 
19 13 1 0.22614460667942798 8 0.09632098148577838 10 0.35987885142834775 12 0.24527838650438435 25 0.19779543523278154 59 0.30156337601792405 64 0.12066302681544595 72 0.25595233031636605 75 0.1295806149998049 87 0.18651912224540915 109 0.19737898191362338 121 0.08855254787512647 124 0.15903876344433113 
20 17 15 0.1783109286163354 18 0.30955554727499335 26 0.2676244141608174 31 0.22580782443413383 32 0.1008003064122482 34 0.1539653971811796 42 0.2264693556302811 43 0.1006422074414895 54 0.17591843588598957 55 0.13049623656732712 73 0.13025905599820428 74 0.16832683086103079 90 0.15829268927749435 94 0.09061112662336034 97 0.13732733123800225 108 0.15931911193056553 118 0.11102048910064614 
21 10 10 0.23688606960508923 12 0.09150325091220386 16 0.21498943624533084 25 0.15111937946272214 59 0.25190137620656167 62 0.059382060558953814 65 0.11421067025256909 72 0.23812880299661798 75 0.1903900494899103 102 0.16185215527567806 
22 8 8 0.223083960268597 24 0.23641271662184513 77 0.1253869391332722 100 0.265974604966738 105 0.1668000781107552 124 0.1395953768275089 125 0.17318674462890193 132 0.10654697637177776 
23 10 5 0.17121527300556866 7 0.32470170340383353 30 0.07721980313709166 40 0.2038896079710462 53 0.13888712814758403 68 0.18842294385741126 79 0.17482981855818244 81 0.10185540887818302 91 0.10944984454325835 137 0.22399520656377842 
24 8 22 0.23641271662184513 77 0.23081296394479786 84 0.20655987883821492 100 0.20018245020801037 104 0.17920572310689584 132 0.16009641291550208 133 0.1616475568172603 139 0.17133952945588057 
25 11 8 0.21841525579106094 12 0.14281892271296062 19 0.19779543523278154 21 0.15111937946272214 59 0.19092172123316903 62 0.198170846606693 64 0.2326998603376167 65 0.2156476833809809 72 0.12309377544534053 75 0.09097089288352313 121 0.15070388610256064 
26 12 9 0.13194515072591917 11 0.3606499567924666 15 0.21631684947185445 20 0.2676244141608174 27 0.10941200213248463 32 0.22998722700705534 36 0.2672047291483775 37 0.3976861057750548 56 0.2206161728382956 60 0.09054913316325397 110 0.11073048367264758 131 0.13620617747763936 
27 7 9 0.09416355259437333 15 0.21380797143159888 26 0.10941200213248463 37 0.34904423063125184 56 0.214457772101395 60 0.11777215070384477 110 0.11634010471753374 
28 9 2 0.1812491707856729 3 0.1765405750884105 4 0.1458262248039554 6 0.20681762129094797 29 0.17064522231729398 33 0.17969617295852117 35 0.0742663571961836 44 0.14651695099695852 78 0.1734823487918917 
29 11 3 0.15246720999336186 17 0.15001829305657877 28 0.17064522231729398 35 0.19752122973746145 44 0.17356559689142287 45 0.2747157343982056 58 0.1899070255686615 78 0.18512227308000537 82 0.15985289565747068 107 0.11261693783991818 138 0.17525785827137808 
30 10 5 0.1980254191048831 7 0.2536413683000696 23 0.07721980313709166 40 0.17394935208199702 53 0.181920393117326 68 0.18930720497375195 79 0.1884271280010937 81 0.08630823682229893 91 0.13455192005136835 137 0.21745627106473495 
31 12 18 0.2397742593836892 20 0.22580782443413383 34 0.20702663003431485 42 0.2325205814063281 54 0.18699372373442638 71 0.19932491554874532 74 0.12388358443114926 83 0.2773180040072997 86 0.22668832351730783 111 0.2155817929763442 116 0.246857584354056 120 0.12369907522784439 
32 12 15 0.08924718872950711 20 0.1008003064122482 26 0.22998722700705534 34 0.19851061557799302 43 0.08470989413972137 55 0.17627520557942722 73 0.16040188075571804 97 0.19073968051511794 98 0.06343218237780361 112 0.12743200636485905 118 0.12842678200877158 140 0.19244349617997425 
33 9 0 0.23470519704724507 2 0.2320279371289177 4 0.2031841109695514 6 0.14690959635396691 28 0.17969617295852117 35 0.17027124488765172 50 0.16512763227662247 52 0.152696814663412 129 0.16833220019495 
34 9 15 0.255471528232569 20 0.1539653971811796 31 0.20702663003431485 32 0.19851061557799302 43 0.13674785933627884 73 0.11681134964658148 86 0.3095671074965018 94 0.1191226454146854 98 0.16583969158374628 
35 7 2 0.1796295940594652 4 0.09188880004508335 28 0.0742663571961836 29 0.19752122973746145 33 0.17027124488765172 44 0.09561435663482834 78 0.15076845484078708 
36 11 11 0.22178794671331467 13 0.23778322492211673 26 0.2672047291483775 37 0.31694304451306865 38 0.28908362448476344 48 0.21050607443394354 56 0.09806272565081438 66 0.2224034303632789 110 0.18472930818450287 113 0.12806485889900698 135 0.10946981923381864 
37 12 9 0.344790473841668 13 0.13962106883231376 26 0.3976861057750548 27 0.34904423063125184 36 0.31694304451306865 38 0.1869770174478295 47 0.276144250083036 61 0.07898940737792605 63 0.23263434111696402 66 0.12413055660994493 115 0.1666615802296442 122 0.2212047194836263 
38 14 13 0.22505284013838778 36 0.28908362448476344 37 0.1869770174478295 47 0.12564350177468364 49 0.3040312463305378 51 0.20921353220896702 61 0.14687283062779638 63 0.2127200421371622 66 0.11361331353265378 67 0.26499307374505526 93 0.19972060709474843 103 0.2399902213228775 115 0.060692668789082416 122 0.15594781521411147 
39 12 1 0.18043487804215358 8 0.20237917820295212 10 0.08825806067139813 12 0.15779761009447552 16 0.18848787971451347 64 0.27776748609430035 77 0.271993926744011 84 0.2562663570350319 101 0.24424620999453092 105 0.2217403121334105 109 0.19236243346571424 125 0.22714736529148957 
40 6 11 0.12774493641479798 23 0.2038896079710462 30 0.17394935208199702 41 0.13131003457596396 91 0.13115316644045324 137 0.18845073193773507 
41 4 11 0.12760922144434744 40 0.13131003457596396 48 0.22456508548028078 137 0.23699827734953907 
42 11 17 0.27270925976190147 18 0.09906555864135834 20 0.2264693556302811 31 0.2325205814063281 54 0.19608558310523294 55 0.1474939059407911 57 0.14054376580318562 69 0.18471336602114155 74 0.12463552907871002 76 0.1719544437748424 90 0.14427082956200657 
43 12 15 0.12224470216034482 20 0.1006422074414895 32 0.08470989413972137 34 0.13674785933627884 55 0.20505309991775797 73 0.1083374195613459 94 0.1331161286642278 97 0.16273161281932322 98 0.08863587701884597 112 0.13928915177601478 118 0.13327490801122444 140 0.17225338979555443 
44 7 4 0.1477877935955797 28 0.14651695099695852 29 0.17356559689142287 35 0.09561435663482834 78 0.10825359304480907 82 0.20830555235607254 89 0.10534523664194914 
45 5 6 0.2749364318334014 14 0.1881758257929077 17 0.21722626123609576 29 0.2747157343982056 95 0.17159019816437085 
46 4 3 0.07864595468772316 6 0.20653041992887028 17 0.10880283779120722 58 0.17625756566500236 
47 11 13 0.3067203106758408 37 0.276144250083036 38 0.12564350177468364 49 0.2503213451862297 51 0.18246169096115467 61 0.23348116771146304 63 0.2261253817029706 67 0.18343213307510972 93 0.22157902411904243 103 0.12355385961185461 115 0.11200845847754747 
48 6 3 0.196744161886137 11 0.10117553539365302 36 0.21050607443394354 41 0.22456508548028078 56 0.22264674014527877 131 0.1786954535604606 
49 8 38 0.3040312463305378 47 0.2503213451862297 51 0.18509118557204782 80 0.21361582637770693 93 0.1826605288476671 99 0.16675856909447265 117 0.2312464411635844 123 0.28400662541785787 
50 9 6 0.11038237144953753 7 0.2756404462383802 14 0.27512309714328553 33 0.16512763227662247 52 0.10921628806261287 100 0.33288877267764416 104 0.2936477545901722 129 0.11321220425124477 133 0.23583150753993412 
51 8 38 0.20921353220896702 47 0.18246169096115467 49 0.18509118557204782 67 0.2548650981702712 93 0.10683716121064324 99 0.19576339455574873 103 0.2627149154555514 136 0.14492325397644085 
52 7 6 0.18000065247690875 14 0.21365619148964315 33 0.152696814663412 50 0.10921628806261287 104 0.27922484158425026 129 0.0894425931047284 133 0.18783174176279907 
53 9 1 0.31582285503119434 5 0.10344475127910703 23 0.13888712814758403 30 0.181920393117326 68 0.21210820552024298 79 0.07868066802304606 81 0.12603215813632238 92 0.17439460189557168 119 0.1820492588452803 
54 9 20 0.17591843588598957 31 0.18699372373442638 42 0.19608558310523294 55 0.20283977610492163 71 0.07882248974206697 73 0.1591339756752761 74 0.1466307060430604 118 0.13531998376970908 120 0.09156476438580045 
55 8 20 0.13049623656732712 32 0.17627520557942722 42 0.1474939059407911 43 0.20505309991775797 54 0.20283977610492163 74 0.1746951640524509 90 0.1081187930657748 97 0.16624995226520672 
56 10 13 0.20884362127945305 26 0.2206161728382956 27 0.214457772101395 36 0.09806272565081438 48 0.22264674014527877 60 0.19597926507077884 61 0.25409838941095453 110 0.13007918176259678 113 0.16835315726344238 135 0.13850226196757806 
57 6 18 0.047581239634720184 42 0.14054376580318562 69 0.05403763612399549 76 0.039362166144228244 85 0.17954324906545627 95 0.24086688859176708 
58 3 3 0.12002595767045682 29 0.1899070255686615 46 0.17625756566500236 
59 7 1 0.3406269121925108 12 0.2605186483156148 19 0.30156337601792405 21 0.25190137620656167 25 0.19092172123316903 65 0.21908765335418334 72 0.13398373601597188 
60 7 9 0.09760015695782523 15 0.2157651008998895 26 0.09054913316325397 27 0.11777215070384477 56 0.19597926507077884 110 0.11221287716855327 131 0.20947972660099795 
61 8 13 0.09493791902321133 37 0.07898940737792605 38 0.14687283062779638 47 0.23348116771146304 56 0.25409838941095453 63 0.1658550561130016 66 0.08508707614729405 115 0.13294987156248703 
62 8 10 0.2054812857037422 12 0.12214136998400654 16 0.16231279772079174 21 0.059382060558953814 25 0.198170846606693 65 0.1501051833945117 88 0.1907155286413379 102 0.1388962526969653 
63 11 13 0.15967838723784752 37 0.23263434111696402 38 0.2127200421371622 47 0.2261253817029706 61 0.1658550561130016 66 0.19508627301229864 67 0.1845834056900375 70 0.24170694418426708 103 0.24872118194389908 114 0.14284745099500146 115 0.1979659004449446 
64 10 1 0.15288609205066203 8 0.16754345920526187 12 0.2332883235243231 19 0.12066302681544595 25 0.2326998603376167 39 0.27776748609430035 75 0.17734262609548276 101 0.18840672625144186 109 0.12661884719321165 121 0.19396771649307853 
65 7 12 0.15547986183276336 21 0.11421067025256909 25 0.2156476833809809 59 0.21908765335418334 62 0.1501051833945117 72 0.26454185900448346 102 0.1613054574241762 
66 8 13 0.13667505985696235 36 0.2224034303632789 37 0.12413055660994493 38 0.11361331353265378 61 0.08508707614729405 63 0.19508627301229864 115 0.13481595352519066 122 0.18605880160797159 
67 9 38 0.26499307374505526 47 0.18343213307510972 51 0.2548650981702712 63 0.1845834056900375 70 0.1505795615285062 103 0.13416182522897152 114 0.13023055522975494 128 0.25080202195701445 136 0.17153512292766815 
68 5 23 0.18842294385741126 30 0.18930720497375195 53 0.21210820552024298 81 0.14489224224850727 92 0.14838131272782065 
69 6 18 0.08957144472165504 42 0.18471336602114155 57 0.05403763612399549 76 0.041604458299513286 85 0.19636336853716177 95 0.23245074304140412 
70 6 63 0.24170694418426708 67 0.1505795615285062 103 0.2719114928405111 106 0.1488921359611989 114 0.12498471840207068 136 0.11456763792057492 
71 7 31 0.19932491554874532 54 0.07882248974206697 73 0.16811887781007423 86 0.275874749446184 96 0.1923643313159485 111 0.28781523643619644 120 0.11636418926376133 
72 7 12 0.25242839236346704 19 0.25595233031636605 21 0.23812880299661798 25 0.12309377544534053 59 0.13398373601597188 65 0.26454185900448346 121 0.20931956812073554 
73 11 20 0.13025905599820428 32 0.16040188075571804 34 0.11681134964658148 43 0.1083374195613459 54 0.1591339756752761 71 0.16811887781007423 94 0.15827248141682437 96 0.24627272294950203 112 0.20856413141741723 118 0.13087778771675604 140 0.11977532666906657 
74 11 18 0.1679718505221293 20 0.16832683086103079 31 0.12388358443114926 42 0.12463552907871002 54 0.1466307060430604 55 0.1746951640524509 76 0.1991672475351796 90 0.14337612290338572 94 0.15882488191079186 108 0.13365086188778294 120 0.10042589800547762 
75 8 8 0.13008346552556876 12 0.13741463046767657 19 0.1295806149998049 21 0.1903900494899103 25 0.09097089288352313 64 0.17734262609548276 77 0.3064850344856575 121 0.09844457116765735 
76 7 18 0.083233505376611 42 0.1719544437748424 57 0.039362166144228244 69 0.041604458299513286 74 0.1991672475351796 85 0.20036499525933973 95 0.24598238008341577 
77 13 8 0.28169143098162963 10 0.2901385089074342 22 0.1253869391332722 24 0.23081296394479786 39 0.271993926744011 75 0.3064850344856575 84 0.19273699706251032 100 0.2044926682263978 104 0.2815846959924769 105 0.0997222717038113 125 0.1384755335566353 132 0.12895597132022668 139 0.19663550749928677 
78 8 4 0.17683485110443148 28 0.1734823487918917 29 0.18512227308000537 35 0.15076845484078708 44 0.10825359304480907 82 0.14502418430358185 89 0.06354094608027937 138 0.1730344567664315 
79 9 1 0.23785714832244811 5 0.08183140949003351 23 0.17482981855818244 30 0.1884271280010937 53 0.07868066802304606 81 0.12825475071035497 92 0.15381395910223555 101 0.2346378782127682 119 0.12978029741172556 
80 6 49 0.21361582637770693 99 0.14158723286031508 117 0.13235032115023265 127 0.15912182904026595 128 0.22445930907244172 134 0.1814021278019242 
81 10 5 0.16967547037342856 23 0.10185540887818302 30 0.08630823682229893 53 0.12603215813632238 68 0.14489224224850727 79 0.12825475071035497 88 0.19115845094063108 91 0.19065551399343386 92 0.11891229416398656 119 0.23267707478557237 
82 4 29 0.15985289565747068 44 0.20830555235607254 78 0.14502418430358185 138 0.060865687720644684 
83 7 31 0.2773180040072997 86 0.14164989868938985 111 0.08931168548379291 116 0.10092983981971994 123 0.2666079825056583 126 0.15345949184445412 130 0.1870764801461038 
84 10 10 0.22443346147278087 16 0.26796415926400813 24 0.20655987883821492 39 0.2562663570350319 77 0.19273699706251032 100 0.09304693154143825 104 0.15834290060329786 105 0.1510403218512679 133 0.2322599421236231 139 0.16245402577557663 
85 6 17 0.13350335774362168 18 0.17348041797443908 57 0.17954324906545627 69 0.19636336853716177 76 0.20036499525933973 95 0.12572541249584418 
86 8 31 0.22668832351730783 34 0.3095671074965018 71 0.275874749446184 83 0.14164989868938985 111 0.08856369742675801 116 0.09549880451211075 123 0.25831624314838153 126 0.2909171063469581 
87 2 8 0.20197846268948463 19 0.18651912224540915 
88 7 0 0.1807201914171394 7 0.08341430410733434 10 0.18438833052385234 16 0.1406325552006302 62 0.1907155286413379 81 0.19115845094063108 92 0.16498795186344836 
89 2 44 0.10534523664194914 78 0.06354094608027937 
90 8 18 0.21965962130227848 20 0.15829268927749435 42 0.14427082956200657 55 0.1081187930657748 74 0.14337612290338572 94 0.14818432440696927 97 0.11745405732161096 108 0.09708705344169476 
91 5 23 0.10944984454325835 30 0.13455192005136835 40 0.13115316644045324 81 0.19065551399343386 137 0.20524963265186183 
92 5 53 0.17439460189557168 68 0.14838131272782065 79 0.15381395910223555 81 0.11891229416398656 88 0.16498795186344836 
93 6 38 0.19972060709474843 47 0.22157902411904243 49 0.1826605288476671 51 0.10683716121064324 96 0.18911110813114218 122 0.22139875096867584 
94 9 20 0.09061112662336034 34 0.1191226454146854 43 0.1331161286642278 73 0.15827248141682437 74 0.15882488191079186 90 0.14818432440696927 97 0.0940556998886822 98 0.13598787031508802 108 0.09710517170641261 
95 6 17 0.15948443376165197 45 0.17159019816437085 57 0.24086688859176708 69 0.23245074304140412 76 0.24598238008341577 85 0.12572541249584418 
96 5 71 0.1923643313159485 73 0.24627272294950203 93 0.18911110813114218 122 0.15271419519431098 123 0.31918167100468414 
97 7 20 0.13732733123800225 32 0.19073968051511794 43 0.16273161281932322 55 0.16624995226520672 90 0.11745405732161096 94 0.0940556998886822 108 0.09030469794781334 
98 6 15 0.13337572928004574 32 0.06343218237780361 34 0.16583969158374628 43 0.08863587701884597 94 0.13598787031508802 112 0.14795050219959155 
99 7 49 0.16675856909447265 51 0.19576339455574873 80 0.14158723286031508 117 0.15101072376460142 127 0.11154926389148484 128 0.24697899423385625 134 0.13603248509052984 
100 11 10 0.30260540274054953 22 0.265974604966738 24 0.20018245020801037 50 0.33288877267764416 77 0.2044926682263978 84 0.09304693154143825 104 0.1050492510935716 105 0.19388169078103712 132 0.1726294956142717 133 0.21431453279338789 139 0.09242924452077553 
101 8 1 0.08837624374045001 5 0.24337367790175315 8 0.254749218965657 39 0.24424620999453092 64 0.18840672625144186 79 0.2346378782127682 109 0.09003318044973668 119 0.17322540319332774 
102 3 21 0.16185215527567806 62 0.1388962526969653 65 0.1613054574241762 
103 8 38 0.2399902213228775 47 0.12355385961185461 51 0.2627149154555514 63 0.24872118194389908 67 0.13416182522897152 70 0.2719114928405111 117 0.21540199419067818 128 0.21279653814605598 
104 8 24 0.17920572310689584 50 0.2936477545901722 52 0.27922484158425026 77 0.2815846959924769 84 0.15834290060329786 100 0.1050492510935716 133 0.1302469105654303 139 0.11389074851722475 
105 8 10 0.2450354869029309 22 0.1668000781107552 39 0.2217403121334105 77 0.0997222717038113 84 0.1510403218512679 100 0.19388169078103712 125 0.08677031984987464 132 0.14867967020733633 
106 2 70 0.1488921359611989 114 0.13780344954591167 
107 3 14 0.1488785546158921 29 0.11261693783991818 129 0.2526939616190861 
108 5 20 0.15931911193056553 74 0.13365086188778294 90 0.09708705344169476 94 0.09710517170641261 97 0.09030469794781334 
109 6 1 0.05091019466736131 8 0.17521478911645 19 0.19737898191362338 39 0.19236243346571424 64 0.12661884719321165 101 0.09003318044973668 
110 7 9 0.17074637622627895 26 0.11073048367264758 27 0.11634010471753374 36 0.18472930818450287 56 0.13007918176259678 60 0.11221287716855327 131 0.13868672181409966 
111 8 31 0.2155817929763442 71 0.28781523643619644 83 0.08931168548379291 86 0.08856369742675801 116 0.04624422175891131 123 0.3029780041877613 126 0.23355818400524117 130 0.23877688587581702 
112 7 9 0.19205134782151115 15 0.09817433952919112 32 0.12743200636485905 43 0.13928915177601478 73 0.20856413141741723 98 0.14795050219959155 140 0.18425528552751783 
113 4 11 0.22598777879001558 36 0.12806485889900698 56 0.16835315726344238 135 0.05725091297284354 
114 5 63 0.14284745099500146 67 0.13023055522975494 70 0.12498471840207068 106 0.13780344954591167 136 0.1524395509789425 
115 7 37 0.1666615802296442 38 0.060692668789082416 47 0.11200845847754747 61 0.13294987156248703 63 0.1979659004449446 66 0.13481595352519066 122 0.1833998195513939 
116 7 31 0.246857584354056 83 0.10092983981971994 86 0.09549880451211075 111 0.04624422175891131 123 0.2876437082551657 126 0.23117653516483042 130 0.254768510086014 
117 7 49 0.2312464411635844 80 0.13235032115023265 99 0.15101072376460142 103 0.21540199419067818 127 0.15334689876486915 128 0.11267393168411594 134 0.13361638137020823 
118 7 20 0.11102048910064614 32 0.12842678200877158 43 0.13327490801122444 54 0.13531998376970908 73 0.13087778771675604 131 0.2167863831786167 140 0.18055324680545817 
119 6 1 0.2240335747832795 5 0.0879345980866226 53 0.1820492588452803 79 0.12978029741172556 81 0.23267707478557237 101 0.17322540319332774 
120 4 31 0.12369907522784439 54 0.09156476438580045 71 0.11636418926376133 74 0.10042589800547762 
121 6 8 0.12181079474082104 19 0.08855254787512647 25 0.15070388610256064 64 0.19396771649307853 72 0.20931956812073554 75 0.09844457116765735 
122 6 37 0.2212047194836263 38 0.15594781521411147 66 0.18605880160797159 93 0.22139875096867584 96 0.15271419519431098 115 0.1833998195513939 
123 6 49 0.28400662541785787 83 0.2666079825056583 86 0.25831624314838153 96 0.31918167100468414 111 0.3029780041877613 116 0.2876437082551657 
124 4 8 0.10444241433133841 19 0.15903876344433113 22 0.1395953768275089 125 0.19157552800004626 
125 7 8 0.1965580823966018 22 0.17318674462890193 39 0.22714736529148957 77 0.1384755335566353 105 0.08677031984987464 124 0.19157552800004626 132 0.2008442204163165 
126 5 83 0.15345949184445412 86 0.2909171063469581 111 0.23355818400524117 116 0.23117653516483042 130 0.1398964920136333 
127 5 80 0.15912182904026595 99 0.11154926389148484 117 0.15334689876486915 128 0.2074347483034004 134 0.054170549347262356 
128 7 67 0.25080202195701445 80 0.22445930907244172 99 0.24697899423385625 103 0.21279653814605598 117 0.11267393168411594 127 0.2074347483034004 134 0.16508306242542217 
129 6 6 0.13992060374757626 14 0.1648750674881065 33 0.16833220019495 50 0.11321220425124477 52 0.0894425931047284 107 0.2526939616190861 
130 4 83 0.1870764801461038 111 0.23877688587581702 116 0.254768510086014 126 0.1398964920136333 
131 5 26 0.13620617747763936 48 0.1786954535604606 60 0.20947972660099795 110 0.13868672181409966 118 0.2167863831786167 
132 8 22 0.10654697637177776 24 0.16009641291550208 77 0.12895597132022668 100 0.1726294956142717 105 0.14867967020733633 125 0.2008442204163165 133 0.26798002982268965 139 0.19138436830982125 
133 8 24 0.1616475568172603 50 0.23583150753993412 52 0.18783174176279907 84 0.2322599421236231 100 0.21431453279338789 104 0.1302469105654303 132 0.26798002982268965 139 0.21744380428141571 
134 5 80 0.1814021278019242 99 0.13603248509052984 117 0.13361638137020823 127 0.054170549347262356 128 0.16508306242542217 
135 4 13 0.2150741854691232 36 0.10946981923381864 56 0.13850226196757806 113 0.05725091297284354 
136 4 51 0.14492325397644085 67 0.17153512292766815 70 0.11456763792057492 114 0.1524395509789425 
137 7 5 0.26241626252129585 11 0.2790853141171021 23 0.22399520656377842 30 0.21745627106473495 40 0.18845073193773507 41 0.23699827734953907 91 0.20524963265186183 
138 3 29 0.17525785827137808 78 0.1730344567664315 82 0.060865687720644684 
139 7 24 0.17133952945588057 77 0.19663550749928677 84 0.16245402577557663 100 0.09242924452077553 104 0.11389074851722475 132 0.19138436830982125 133 0.21744380428141571 
140 5 32 0.19244349617997425 43 0.17225338979555443 73 0.11977532666906657 112 0.18425528552751783 118 0.18055324680545817 
-
0 0
1 0
2 0
3 0
4 2 0.0 0.02247191011235955 0.6123595505617978 0.7078651685393258
5 0
6 1 0.0 0.016853932584269662
7 1 0.0 0.0056179775280898875
8 0
9 0
10 0
11 0
12 0
13 0
14 0
15 0
16 1 0.0 0.016853932584269662
17 0
18 1 0.12921348314606743 0.34831460674157305
19 0
20 0
21 0
22 0
23 0
24 0
25 1 0.0 0.011235955056179775
26 0
27 0
28 0
29 0
30 0
31 0
32 1 0.12359550561797752 0.38202247191011235
33 1 0.0 0.016853932584269662
34 0
35 1 0.0 0.016853932584269662
36 0
37 0
38 1 0.07865168539325842 0.5112359550561798
39 0
40 0
41 0
42 0
43 0
44 0
45 0
46 0
47 1 0.07865168539325842 0.5
48 0
49 0
50 1 0.0 0.011235955056179775
51 2 0.0898876404494382 0.11235955056179775 0.4044943820224719 0.47752808988764045
52 0
53 0
54 0
55 1 0.0898876404494382 0.47191011235955055
56 0
57 0
58 0
59 0
60 0
61 0
62 0
63 0
64 0
65 0
66 2 0.028089887640449437 0.0898876404494382 0.47191011235955055 0.5898876404494382
67 0
68 0
69 0
70 0
71 0
72 0
73 0
74 0
75 1 0.0 0.011235955056179775
76 0
77 1 0.07865168539325842 0.5
78 1 0.0 0.016853932584269662
79 0
80 0
81 0
82 0
83 0
84 1 0.011235955056179775 0.016853932584269662
85 0
86 0
87 0
88 0
89 0
90 0
91 0
92 0
93 1 0.12359550561797752 0.38764044943820225
94 0
95 0
96 0
97 1 0.0898876404494382 0.46629213483146065
98 0
99 0
100 2 0.07865168539325842 0.3202247191011236 0.38202247191011235 0.4943820224719101
101 0
102 0
103 2 0.028089887640449437 0.09550561797752809 0.4550561797752809 0.5898876404494382
104 0
105 0
106 0
107 1 0.0 0.016853932584269662
108 0
109 0
110 0
111 0
112 2 0.08426966292134831 0.33707865168539325 0.37640449438202245 0.48314606741573035
113 0
114 0
115 2 0.02247191011235955 0.10112359550561797 0.43820224719101125 0.5955056179775281
116 0
117 0
118 1 0.07865168539325842 0.5
119 0
120 0
121 0
122 1 0.12359550561797752 0.38764044943820225
123 0
124 1 0.07865168539325842 0.5112359550561798
125 0
126 0
127 0
128 1 0.07865168539325842 0.5056179775280899
129 0
130 0
131 0
132 0
133 0
134 1 0.10674157303370786 0.43258426966292135
135 0
136 2 0.0056179775280898875 0.07865168539325842 0.5056179775280899 0.6235955056179775
137 0
138 1 0.0 0.011235955056179775
139 0
140 0
-
