0 8 1 0.4731788421103608 2 0.11851121558605057 4 0.21177723365919515 7 0.1967131919750276 16 0.22137761858043412 33 0.23470519704724507 88 0.1807201914171394 187 0.17470734456981238 
1 15 0 0.4731788421103608 5 0.273513068037959 8 0.2039387408708217 10 0.2503360858179655 12 0.1792983220481631 19 0.22614460667942798 39 0.18043487804215358 53 0.31582285503119434 59 0.3406269121925108 64 0.15288609205066203 79 0.23785714832244811 101 0.08837624374045001 109 0.05091019466736131 119 0.2240335747832795 150 0.15711820561594908 
2 10 0 0.11851121558605057 3 0.33228936425405353 4 0.1350278753439409 9 0.3469407562285025 28 0.1812491707856729 33 0.2320279371289177 35 0.1796295940594652 145 0.18200977733608117 187 0.1562456614944799 197 0.10404651351089114 
3 12 2 0.33228936425405353 6 0.19191192825279668 11 0.1976577328204105 14 0.3079922803415937 17 0.173886935435215 28 0.1765405750884105 29 0.15246720999336186 46 0.07864595468772316 48 0.196744161886137 58 0.12002595767045682 145 0.15623797432859352 173 0.1793367714372653 
4 16 0 0.21177723365919515 2 0.1350278753439409 6 0.30719410962880606 9 0.3483731138804504 14 0.32147002162463484 15 0.42697011847513233 28 0.1458262248039554 33 0.2031841109695514 35 0.09188880004508335 44 0.1477877935955797 78 0.17683485110443148 145 0.18341152039980538 187 0.0922448057637826 197 0.0586762423606469 200 0.06783046087007656 205 0.16883743254671846 
5 10 1 0.273513068037959 23 0.17121527300556866 30 0.1980254191048831 53 0.10344475127910703 79 0.08183140949003351 81 0.16967547037342856 101 0.24337367790175315 119 0.0879345980866226 137 0.26241626252129585 188 0.05789298105073118 
6 15 3 0.19191192825279668 4 0.30719410962880606 7 0.2692494321362092 11 0.2678942772862609 14 0.2643380917941745 17 0.30107653166232184 28 0.20681762129094797 33 0.14690959635396691 45 0.2749364318334014 46 0.20653041992887028 50 0.11038237144953753 52 0.18000065247690875 129 0.13992060374757626 145 0.16936043579563156 203 0.0955321880110255 
7 10 0 0.1967131919750276 6 0.2692494321362092 10 0.14585895563096465 16 0.09761376010481905 23 0.32470170340383353 30 0.2536413683000696 50 0.2756404462383802 88 0.08341430410733434 167 0.17687989280811306 208 0.11750013183582814 
8 20 1 0.2039387408708217 10 0.285984309035167 12 0.22466550212782382 19 0.09632098148577838 22 0.223083960268597 25 0.21841525579106094 39 0.20237917820295212 64 0.16754345920526187 75 0.13008346552556876 77 0.28169143098162963 87 0.20197846268948463 101 0.254749218965657 109 0.17521478911645 121 0.12181079474082104 124 0.10444241433133841 125 0.1965580823966018 144 0.13111163018496083 150 0.2198841904504214 158 0.08788704851321935 216 0.16772359439147505 
9 11 2 0.3469407562285025 4 0.3483731138804504 13 0.36717651356725883 15 0.14548447782209006 26 0.13194515072591917 27 0.09416355259437333 37 0.344790473841668 60 0.09760015695782523 110 0.17074637622627895 112 0.19205134782151115 165 0.23841320912451555 
10 16 1 0.2503360858179655 7 0.14585895563096465 8 0.285984309035167 12 0.19959255238919998 16 0.11672504362333933 19 0.35987885142834775 21 0.23688606960508923 39 0.08825806067139813 62 0.2054812857037422 77 0.2901385089074342 84 0.22443346147278087 88 0.18438833052385234 100 0.30260540274054953 105 0.2450354869029309 150 0.12135171501623628 208 0.06950936482802683 
11 15 3 0.1976577328204105 6 0.2678942772862609 13 0.4419858146664648 17 0.3621097731165924 26 0.3606499567924666 36 0.22178794671331467 40 0.12774493641479798 41 0.12760922144434744 48 0.10117553539365302 113 0.22598777879001558 137 0.2790853141171021 159 0.09711156806865792 173 0.1953904050677987 190 0.06466179953860776 203 0.1923785679445726 
12 16 1 0.1792983220481631 8 0.22466550212782382 10 0.19959255238919998 16 0.22313439588070022 19 0.24527838650438435 21 0.09150325091220386 25 0.14281892271296062 39 0.15779761009447552 59 0.2605186483156148 62 0.12214136998400654 64 0.2332883235243231 65 0.15547986183276336 72 0.25242839236346704 75 0.13741463046767657 150 0.20090864992266075 152 0.15312810413904374 
13 16 9 0.36717651356725883 11 0.4419858146664648 36 0.23778322492211673 37 0.13962106883231376 38 0.22505284013838778 47 0.3067203106758408 56 0.20884362127945305 61 0.09493791902321133 63 0.15967838723784752 66 0.13667505985696235 135 0.2150741854691232 196 0.07534626450800312 199 0.053411679213051205 206 0.2517405161415626 220 0.18264888940163812 222 0.14988149063670592 
14 10 3 0.3079922803415937 4 0.32147002162463484 6 0.2643380917941745 17 0.27824716292397667 45 0.1881758257929077 50 0.27512309714328553 52 0.21365619148964315 107 0.1488785546158921 129 0.1648750674881065 184 0.18881093105724445 
15 11 4 0.42697011847513233 9 0.14548447782209006 20 0.1783109286163354 26 0.21631684947185445 27 0.21380797143159888 32 0.08924718872950711 34 0.255471528232569 43 0.12224470216034482 60 0.2157651008998895 98 0.13337572928004574 112 0.09817433952919112 
16 11 0 0.22137761858043412 7 0.09761376010481905 10 0.11672504362333933 12 0.22313439588070022 21 0.21498943624533084 39 0.18848787971451347 62 0.16231279772079174 84 0.26796415926400813 88 0.1406325552006302 167 0.17175414208219986 208 0.1146073628749154 
17 14 3 0.173886935435215 6 0.30107653166232184 11 0.3621097731165924 14 0.27824716292397667 18 0.21726972219963767 29 0.15001829305657877 42 0.27270925976190147 45 0.21722626123609576 46 0.10880283779120722 85 0.13350335774362168 95 0.15948443376165197 182 0.0998109395675406 184 0.24001999862278842 226 0.12039100892251675 
18 13 17 0.21726972219963767 20 0.30955554727499335 31 0.2397742593836892 42 0.09906555864135834 57 0.047581239634720184 69 0.08957144472165504 74 0.1679718505221293 76 0.083233505376611 85 0.17348041797443908 90 0.21965962130227848 171 0.1127895722117315 182 0.15124768433314179 221 0.0730444642597659 
19 14 1 0.22614460667942798 8 0.09632098148577838 10 0.35987885142834775 12 0.24527838650438435 25 0.19779543523278154 59 0.30156337601792405 64 0.12066302681544595 72 0.25595233031636605 75 0.1295806149998049 87 0.18651912224540915 109 0.19737898191362338 121 0.08855254787512647 124 0.15903876344433113 158 0.159782998920512 
20 21 15 0.1783109286163354 18 0.30955554727499335 26 0.2676244141608174 31 0.22580782443413383 32 0.1008003064122482 34 0.1539653971811796 42 0.2264693556302811 43 0.1006422074414895 54 0.17591843588598957 55 0.13049623656732712 73 0.13025905599820428 74 0.16832683086103079 90 0.15829268927749435 94 0.09061112662336034 97 0.13732733123800225 108 0.15931911193056553 118 0.11102048910064614 149 0.09463198144101033 151 0.13087746685971538 164 0.16217095391132472 185 0.11570392808996965 
21 11 10 0.23688606960508923 12 0.09150325091220386 16 0.21498943624533084 25 0.15111937946272214 59 0.25190137620656167 62 0.059382060558953814 65 0.11421067025256909 72 0.23812880299661798 75 0.1903900494899103 102 0.16185215527567806 152 0.16469493349533998 
22 15 8 0.223083960268597 24 0.23641271662184513 77 0.1253869391332722 100 0.265974604966738 105 0.1668000781107552 124 0.1395953768275089 125 0.17318674462890193 132 0.10654697637177776 144 0.19117230552141387 148 0.08566712882752127 162 0.18003467105766893 172 0.09083267560414945 178 0.12694437712233783 213 0.09439059856116691 214 0.16518890827466934 
23 15 5 0.17121527300556866 7 0.32470170340383353 30 0.07721980313709166 40 0.2038896079710462 53 0.13888712814758403 68 0.18842294385741126 79 0.17482981855818244 81 0.10185540887818302 91 0.10944984454325835 137 0.22399520656377842 188 0.14182265147599313 198 0.1021095372978613 204 0.13259852061409955 218 0.1227153585301933 225 0.13962464095244026 
24 13 22 0.23641271662184513 77 0.23081296394479786 84 0.20655987883821492 100 0.20018245020801037 104 0.17920572310689584 132 0.16009641291550208 133 0.1616475568172603 139 0.17133952945588057 146 0.23182593723847625 172 0.18749398118418692 178 0.17299090974682027 189 0.10776067219951399 213 0.16213925112332783 
25 12 8 0.21841525579106094 12 0.14281892271296062 19 0.19779543523278154 21 0.15111937946272214 59 0.19092172123316903 62 0.198170846606693 64 0.2326998603376167 65 0.2156476833809809 72 0.12309377544534053 75 0.09097089288352313 121 0.15070388610256064 152 0.01808465372022998 
26 12 9 0.13194515072591917 11 0.3606499567924666 15 0.21631684947185445 20 0.2676244141608174 27 0.10941200213248463 32 0.22998722700705534 36 0.2672047291483775 37 0.3976861057750548 56 0.2206161728382956 60 0.09054913316325397 110 0.11073048367264758 131 0.13620617747763936 
27 7 9 0.09416355259437333 15 0.21380797143159888 26 0.10941200213248463 37 0.34904423063125184 56 0.214457772101395 60 0.11777215070384477 110 0.11634010471753374 
28 11 2 0.1812491707856729 3 0.1765405750884105 4 0.1458262248039554 6 0.20681762129094797 29 0.17064522231729398 33 0.17969617295852117 35 0.0742663571961836 44 0.14651695099695852 78 0.1734823487918917 145 0.058149033363553856 197 0.10284135353674068 
29 12 3 0.15246720999336186 17 0.15001829305657877 28 0.17064522231729398 35 0.19752122973746145 44 0.17356559689142287 45 0.2747157343982056 58 0.1899070255686615 78 0.18512227308000537 82 0.15985289565747068 107 0.11261693783991818 138 0.17525785827137808 226 0.11856249362834871 
30 12 5 0.1980254191048831 7 0.2536413683000696 23 0.07721980313709166 40 0.17394935208199702 53 0.181920393117326 68 0.18930720497375195 79 0.1884271280010937 81 0.08630823682229893 91 0.13455192005136835 137 0.21745627106473495 198 0.033128121890663505 218 0.10334563538939553 
31 16 18 0.2397742593836892 20 0.22580782443413383 34 0.20702663003431485 42 0.2325205814063281 54 0.18699372373442638 71 0.19932491554874532 74 0.12388358443114926 83 0.2773180040072997 86 0.22668832351730783 111 0.2155817929763442 116 0.246857584354056 120 0.12369907522784439 151 0.11303654857772473 156 0.2042500884121358 169 0.07143454338270155 227 0.1561675323364742 
32 12 15 0.08924718872950711 20 0.1008003064122482 26 0.22998722700705534 34 0.19851061557799302 43 0.08470989413972137 55 0.17627520557942722 73 0.16040188075571804 97 0.19073968051511794 98 0.06343218237780361 112 0.12743200636485905 118 0.12842678200877158 140 0.19244349617997425 
33 13 0 0.23470519704724507 2 0.2320279371289177 4 0.2031841109695514 6 0.14690959635396691 28 0.17969617295852117 35 0.17027124488765172 50 0.16512763227662247 52 0.152696814663412 129 0.16833220019495 145 0.16751323430541692 146 0.20716338148064312 167 0.1349929071453502 187 0.16624699485435948 
34 13 15 0.255471528232569 20 0.1539653971811796 31 0.20702663003431485 32 0.19851061557799302 43 0.13674785933627884 73 0.11681134964658148 86 0.3095671074965018 94 0.1191226454146854 98 0.16583969158374628 151 0.13038624185927428 164 0.06165438302915539 195 0.20146240906614918 227 0.12598487139154063 
35 12 2 0.1796295940594652 4 0.09188880004508335 28 0.0742663571961836 29 0.19752122973746145 33 0.17027124488765172 44 0.09561435663482834 78 0.15076845484078708 145 0.1228097260550399 187 0.14836163464927365 197 0.07883449053962405 200 0.10695308080260915 205 0.12780851427145823 
36 14 11 0.22178794671331467 13 0.23778322492211673 26 0.2672047291483775 37 0.31694304451306865 38 0.28908362448476344 48 0.21050607443394354 56 0.09806272565081438 66 0.2224034303632789 110 0.18472930818450287 113 0.12806485889900698 135 0.10946981923381864 159 0.14077304043092562 175 0.19293200199961485 222 0.1275993824298087 
37 18 9 0.344790473841668 13 0.13962106883231376 26 0.3976861057750548 27 0.34904423063125184 36 0.31694304451306865 38 0.1869770174478295 47 0.276144250083036 61 0.07898940737792605 63 0.23263434111696402 66 0.12413055660994493 115 0.1666615802296442 122 0.2212047194836263 165 0.21157754272497578 196 0.09875970951688601 199 0.18829412460191652 202 0.16712711923894186 206 0.16321403092527417 220 0.169865270353657 
38 19 13 0.22505284013838778 36 0.28908362448476344 37 0.1869770174478295 47 0.12564350177468364 49 0.3040312463305378 51 0.20921353220896702 61 0.14687283062779638 63 0.2127200421371622 66 0.11361331353265378 67 0.26499307374505526 93 0.19972060709474843 103 0.2399902213228775 115 0.060692668789082416 122 0.15594781521411147 143 0.22524359996301502 163 0.15496496930439535 196 0.24406969134429207 202 0.09826981129566759 215 0.19746243553327647 
39 14 1 0.18043487804215358 8 0.20237917820295212 10 0.08825806067139813 12 0.15779761009447552 16 0.18848787971451347 64 0.27776748609430035 77 0.271993926744011 84 0.2562663570350319 101 0.24424620999453092 105 0.2217403121334105 109 0.19236243346571424 125 0.22714736529148957 150 0.06895377431209057 208 0.15399119382163526 
40 6 11 0.12774493641479798 23 0.2038896079710462 30 0.17394935208199702 41 0.13131003457596396 91 0.13115316644045324 137 0.18845073193773507 
41 8 11 0.12760922144434744 40 0.13131003457596396 48 0.22456508548028078 137 0.23699827734953907 159 0.17093619285587155 190 0.11146076418939935 203 0.15800949678885584 218 0.16100678836496415 
42 14 17 0.27270925976190147 18 0.09906555864135834 20 0.2264693556302811 31 0.2325205814063281 54 0.19608558310523294 55 0.1474939059407911 57 0.14054376580318562 69 0.18471336602114155 74 0.12463552907871002 76 0.1719544437748424 90 0.14427082956200657 168 0.12155632369829496 171 0.04092599281731421 221 0.14432717717486582 
43 14 15 0.12224470216034482 20 0.1006422074414895 32 0.08470989413972137 34 0.13674785933627884 55 0.20505309991775797 73 0.1083374195613459 94 0.1331161286642278 97 0.16273161281932322 98 0.08863587701884597 112 0.13928915177601478 118 0.13327490801122444 140 0.17225338979555443 164 0.15010127502909698 195 0.2115881590214719 
44 10 4 0.1477877935955797 28 0.14651695099695852 29 0.17356559689142287 35 0.09561435663482834 78 0.10825359304480907 82 0.20830555235607254 89 0.10534523664194914 197 0.16288850735559346 200 0.1106045786745302 205 0.07619399685744328 
45 7 6 0.2749364318334014 14 0.1881758257929077 17 0.21722626123609576 29 0.2747157343982056 95 0.17159019816437085 184 0.06584148761670901 226 0.1607100484662475 
46 6 3 0.07864595468772316 6 0.20653041992887028 17 0.10880283779120722 58 0.17625756566500236 182 0.17210713845251052 226 0.11230173610168726 
47 15 13 0.3067203106758408 37 0.276144250083036 38 0.12564350177468364 49 0.2503213451862297 51 0.18246169096115467 61 0.23348116771146304 63 0.2261253817029706 67 0.18343213307510972 93 0.22157902411904243 103 0.12355385961185461 115 0.11200845847754747 163 0.15662809305079614 174 0.16280530683733485 191 0.09593149322577195 215 0.07696103874360452 
48 9 3 0.196744161886137 11 0.10117553539365302 36 0.21050607443394354 41 0.22456508548028078 56 0.22264674014527877 131 0.1786954535604606 159 0.11550034625513471 173 0.14719018921328322 190 0.14023117879908295 
49 13 38 0.3040312463305378 47 0.2503213451862297 51 0.18509118557204782 80 0.21361582637770693 93 0.1826605288476671 99 0.16675856909447265 117 0.2312464411635844 123 0.28400662541785787 142 0.13917506447482633 161 0.15838335288832162 163 0.2051511400236663 212 0.11162354457370495 219 0.07984837616460518 
50 12 6 0.11038237144953753 7 0.2756404462383802 14 0.27512309714328553 33 0.16512763227662247 52 0.10921628806261287 100 0.33288877267764416 104 0.2936477545901722 129 0.11321220425124477 133 0.23583150753993412 167 0.1500848471565536 181 0.2066270185363803 203 0.17934583345411165 
51 12 38 0.20921353220896702 47 0.18246169096115467 49 0.18509118557204782 67 0.2548650981702712 93 0.10683716121064324 99 0.19576339455574873 103 0.2627149154555514 136 0.14492325397644085 143 0.17482989535948437 161 0.17465016136581393 163 0.22018953490800341 191 0.14280595747494498 
52 9 6 0.18000065247690875 14 0.21365619148964315 33 0.152696814663412 50 0.10921628806261287 104 0.27922484158425026 129 0.0894425931047284 133 0.18783174176279907 146 0.18039404763517997 167 0.16528392385316285 
53 10 1 0.31582285503119434 5 0.10344475127910703 23 0.13888712814758403 30 0.181920393117326 68 0.21210820552024298 79 0.07868066802304606 81 0.12603215813632238 92 0.17439460189557168 119 0.1820492588452803 188 0.0896264193566357 
54 11 20 0.17591843588598957 31 0.18699372373442638 42 0.19608558310523294 55 0.20283977610492163 71 0.07882248974206697 73 0.1591339756752761 74 0.1466307060430604 118 0.13531998376970908 120 0.09156476438580045 180 0.06233179997249581 186 0.031774433273333784 
55 11 20 0.13049623656732712 32 0.17627520557942722 42 0.1474939059407911 43 0.20505309991775797 54 0.20283977610492163 74 0.1746951640524509 90 0.1081187930657748 97 0.16624995226520672 149 0.13310826225670022 168 0.11733891478681757 171 0.13811233398588071 
56 11 13 0.20884362127945305 26 0.2206161728382956 27 0.214457772101395 36 0.09806272565081438 48 0.22264674014527877 60 0.19597926507077884 61 0.25409838941095453 110 0.13007918176259678 113 0.16835315726344238 135 0.13850226196757806 222 0.06929620186427107 
57 9 18 0.047581239634720184 42 0.14054376580318562 69 0.05403763612399549 76 0.039362166144228244 85 0.17954324906545627 95 0.24086688859176708 182 0.17525607319445646 194 0.144174162285678 221 0.06071371670222022 
58 3 3 0.12002595767045682 29 0.1899070255686615 46 0.17625756566500236 
59 8 1 0.3406269121925108 12 0.2605186483156148 19 0.30156337601792405 21 0.25190137620656167 25 0.19092172123316903 65 0.21908765335418334 72 0.13398373601597188 152 0.18059328103223465 
60 8 9 0.09760015695782523 15 0.2157651008998895 26 0.09054913316325397 27 0.11777215070384477 56 0.19597926507077884 110 0.11221287716855327 131 0.20947972660099795 165 0.2575451900644773 
61 12 13 0.09493791902321133 37 0.07898940737792605 38 0.14687283062779638 47 0.23348116771146304 56 0.25409838941095453 63 0.1658550561130016 66 0.08508707614729405 115 0.13294987156248703 196 0.09996683629858931 199 0.1400053943931537 206 0.22571540851518632 220 0.19384660279734642 
62 8 10 0.2054812857037422 12 0.12214136998400654 16 0.16231279772079174 21 0.059382060558953814 25 0.198170846606693 65 0.1501051833945117 88 0.1907155286413379 102 0.1388962526969653 
63 14 13 0.15967838723784752 37 0.23263434111696402 38 0.2127200421371622 47 0.2261253817029706 61 0.1658550561130016 66 0.19508627301229864 67 0.1845834056900375 70 0.24170694418426708 103 0.24872118194389908 114 0.14284745099500146 115 0.1979659004449446 196 0.19804612100371732 199 0.15346288328243932 220 0.2393386696364605 
64 10 1 0.15288609205066203 8 0.16754345920526187 12 0.2332883235243231 19 0.12066302681544595 25 0.2326998603376167 39 0.27776748609430035 75 0.17734262609548276 101 0.18840672625144186 109 0.12661884719321165 121 0.19396771649307853 
65 7 12 0.15547986183276336 21 0.11421067025256909 25 0.2156476833809809 59 0.21908765335418334 62 0.1501051833945117 72 0.26454185900448346 102 0.1613054574241762 
66 14 13 0.13667505985696235 36 0.2224034303632789 37 0.12413055660994493 38 0.11361331353265378 61 0.08508707614729405 63 0.19508627301229864 115 0.13481595352519066 122 0.18605880160797159 165 0.25619357071505466 196 0.1603899003432365 199 0.16323219731092095 202 0.0859410258315532 220 0.24169891871019772 222 0.1745866771773746 
67 11 38 0.26499307374505526 47 0.18343213307510972 51 0.2548650981702712 63 0.1845834056900375 70 0.1505795615285062 103 0.13416182522897152 114 0.13023055522975494 128 0.25080202195701445 136 0.17153512292766815 191 0.13543447849733964 215 0.13578575809481827 
68 7 23 0.18842294385741126 30 0.18930720497375195 53 0.21210820552024298 81 0.14489224224850727 92 0.14838131272782065 198 0.17415757575432864 204 0.1432087497629185 
69 10 18 0.08957144472165504 42 0.18471336602114155 57 0.05403763612399549 76 0.041604458299513286 85 0.19636336853716177 95 0.23245074304140412 184 0.2377070186942878 194 0.11329525486475694 210 0.1626546327562061 221 0.06253421602887124 
70 7 63 0.24170694418426708 67 0.1505795615285062 103 0.2719114928405111 106 0.1488921359611989 114 0.12498471840207068 136 0.11456763792057492 207 0.17108772298927297 
71 11 31 0.19932491554874532 54 0.07882248974206697 73 0.16811887781007423 86 0.275874749446184 96 0.1923643313159485 111 0.28781523643619644 120 0.11636418926376133 147 0.14410836666145124 153 0.1722539412081564 180 0.07313744839925375 186 0.07694288221582353 
72 8 12 0.25242839236346704 19 0.25595233031636605 21 0.23812880299661798 25 0.12309377544534053 59 0.13398373601597188 65 0.26454185900448346 121 0.20931956812073554 152 0.11208807337134337 
73 12 20 0.13025905599820428 32 0.16040188075571804 34 0.11681134964658148 43 0.1083374195613459 54 0.1591339756752761 71 0.16811887781007423 94 0.15827248141682437 96 0.24627272294950203 112 0.20856413141741723 118 0.13087778771675604 140 0.11977532666906657 164 0.15452129270253415 
74 16 18 0.1679718505221293 20 0.16832683086103079 31 0.12388358443114926 42 0.12463552907871002 54 0.1466307060430604 55 0.1746951640524509 76 0.1991672475351796 90 0.14337612290338572 94 0.15882488191079186 108 0.13365086188778294 120 0.10042589800547762 149 0.08143108944581051 151 0.11935403823838632 166 0.08706243584172689 169 0.16188992235713762 171 0.13544251669991658 
75 9 8 0.13008346552556876 12 0.13741463046767657 19 0.1295806149998049 21 0.1903900494899103 25 0.09097089288352313 64 0.17734262609548276 77 0.3064850344856575 121 0.09844457116765735 152 0.09230101998937734 
76 9 18 0.083233505376611 42 0.1719544437748424 57 0.039362166144228244 69 0.041604458299513286 74 0.1991672475351796 85 0.20036499525933973 95 0.24598238008341577 194 0.12485205101710055 221 0.06064647588877634 
77 20 8 0.28169143098162963 10 0.2901385089074342 22 0.1253869391332722 24 0.23081296394479786 39 0.271993926744011 75 0.3064850344856575 84 0.19273699706251032 100 0.2044926682263978 104 0.2815846959924769 105 0.0997222717038113 125 0.1384755335566353 132 0.12895597132022668 139 0.19663550749928677 144 0.18810492503554535 148 0.1270754520762816 162 0.08208311501764085 172 0.16935422055113494 178 0.18388599902676656 183 0.14972248674715333 213 0.1305170529553364 
78 8 4 0.17683485110443148 28 0.1734823487918917 29 0.18512227308000537 35 0.15076845484078708 44 0.10825359304480907 82 0.14502418430358185 89 0.06354094608027937 138 0.1730344567664315 
79 10 1 0.23785714832244811 5 0.08183140949003351 23 0.17482981855818244 30 0.1884271280010937 53 0.07868066802304606 81 0.12825475071035497 92 0.15381395910223555 101 0.2346378782127682 119 0.12978029741172556 188 0.11297257481093216 
80 11 49 0.21361582637770693 99 0.14158723286031508 117 0.13235032115023265 127 0.15912182904026595 128 0.22445930907244172 134 0.1814021278019242 141 0.20729071859032563 142 0.15040409851331948 157 0.14797546910531661 176 0.19879708550416933 212 0.16852999877203634 
81 13 5 0.16967547037342856 23 0.10185540887818302 30 0.08630823682229893 53 0.12603215813632238 68 0.14489224224850727 79 0.12825475071035497 88 0.19115845094063108 91 0.19065551399343386 92 0.11891229416398656 119 0.23267707478557237 198 0.07466616851551065 204 0.17266983548492665 218 0.168381758512646 
82 4 29 0.15985289565747068 44 0.20830555235607254 78 0.14502418430358185 138 0.060865687720644684 
83 12 31 0.2773180040072997 86 0.14164989868938985 111 0.08931168548379291 116 0.10092983981971994 123 0.2666079825056583 126 0.15345949184445412 130 0.1870764801461038 153 0.16333467761012835 155 0.22281537577557906 156 0.09640940988172411 192 0.07842219778379173 228 0.19773449850626929 
84 13 10 0.22443346147278087 16 0.26796415926400813 24 0.20655987883821492 39 0.2562663570350319 77 0.19273699706251032 100 0.09304693154143825 104 0.15834290060329786 105 0.1510403218512679 133 0.2322599421236231 139 0.16245402577557663 181 0.11731881425180458 183 0.17970369297631794 193 0.2595512044706127 
85 7 17 0.13350335774362168 18 0.17348041797443908 57 0.17954324906545627 69 0.19636336853716177 76 0.20036499525933973 95 0.12572541249584418 182 0.08611329504681974 
86 15 31 0.22668832351730783 34 0.3095671074965018 71 0.275874749446184 83 0.14164989868938985 111 0.08856369742675801 116 0.09549880451211075 123 0.25831624314838153 126 0.2909171063469581 153 0.1813840308745716 156 0.16657406798134816 169 0.1889880453445104 177 0.32846331465191314 192 0.15079950619572188 217 0.3065905216206314 228 0.12963804832475975 
87 3 8 0.20197846268948463 19 0.18651912224540915 216 0.1777015569456608 
88 8 0 0.1807201914171394 7 0.08341430410733434 10 0.18438833052385234 16 0.1406325552006302 62 0.1907155286413379 81 0.19115845094063108 92 0.16498795186344836 208 0.182712811889288 
89 3 44 0.10534523664194914 78 0.06354094608027937 200 0.12032993961486053 
90 12 18 0.21965962130227848 20 0.15829268927749435 42 0.14427082956200657 55 0.1081187930657748 74 0.14337612290338572 94 0.14818432440696927 97 0.11745405732161096 108 0.09708705344169476 149 0.12190320746895209 166 0.08152316546221137 168 0.0563549230999348 185 0.10177283219844555 
91 9 23 0.10944984454325835 30 0.13455192005136835 40 0.13115316644045324 81 0.19065551399343386 137 0.20524963265186183 198 0.15987167096054816 204 0.15347422695684582 218 0.15581836163906482 225 0.0967136334445072 
92 5 53 0.17439460189557168 68 0.14838131272782065 79 0.15381395910223555 81 0.11891229416398656 88 0.16498795186344836 
93 11 38 0.19972060709474843 47 0.22157902411904243 49 0.1826605288476671 51 0.10683716121064324 96 0.18911110813114218 122 0.22139875096867584 143 0.09392036557166304 161 0.12950340690769163 163 0.18404649378238594 201 0.11369789138836409 219 0.2064615868191925 
94 16 20 0.09061112662336034 34 0.1191226454146854 43 0.1331161286642278 73 0.15827248141682437 74 0.15882488191079186 90 0.14818432440696927 97 0.0940556998886822 98 0.13598787031508802 108 0.09710517170641261 149 0.09660664797079303 151 0.07069051708709086 164 0.09578098476267782 166 0.13186623380136842 185 0.07368886135609594 195 0.1823466023378497 227 0.16299134152773623 
95 7 17 0.15948443376165197 45 0.17159019816437085 57 0.24086688859176708 69 0.23245074304140412 76 0.24598238008341577 85 0.12572541249584418 184 0.1502376481797631 
96 9 71 0.1923643313159485 73 0.24627272294950203 93 0.18911110813114218 122 0.15271419519431098 123 0.31918167100468414 143 0.16902316192757777 147 0.05747276357919506 201 0.0769014497052798 228 0.18690910782739917 
97 12 20 0.13732733123800225 32 0.19073968051511794 43 0.16273161281932322 55 0.16624995226520672 90 0.11745405732161096 94 0.0940556998886822 108 0.09030469794781334 149 0.1384718235207867 164 0.15884074868165243 166 0.1430706829367943 185 0.03977193134632729 195 0.18953230652792452 
98 7 15 0.13337572928004574 32 0.06343218237780361 34 0.16583969158374628 43 0.08863587701884597 94 0.13598787031508802 112 0.14795050219959155 195 0.17384787808225294 
99 11 49 0.16675856909447265 51 0.19576339455574873 80 0.14158723286031508 117 0.15101072376460142 127 0.11154926389148484 128 0.24697899423385625 134 0.13603248509052984 142 0.134808469265031 212 0.20182246888365915 219 0.18506191152147503 229 0.18247212340954772 
100 14 10 0.30260540274054953 22 0.265974604966738 24 0.20018245020801037 50 0.33288877267764416 77 0.2044926682263978 84 0.09304693154143825 104 0.1050492510935716 105 0.19388169078103712 132 0.1726294956142717 133 0.21431453279338789 139 0.09242924452077553 181 0.1439457443623318 183 0.1341396560740855 193 0.19254297851343855 
101 9 1 0.08837624374045001 5 0.24337367790175315 8 0.254749218965657 39 0.24424620999453092 64 0.18840672625144186 79 0.2346378782127682 109 0.09003318044973668 119 0.17322540319332774 150 0.19968474537335096 
102 3 21 0.16185215527567806 62 0.1388962526969653 65 0.1613054574241762 
103 10 38 0.2399902213228775 47 0.12355385961185461 51 0.2627149154555514 63 0.24872118194389908 67 0.13416182522897152 70 0.2719114928405111 117 0.21540199419067818 128 0.21279653814605598 191 0.13274560395321924 215 0.05243946612629123 
104 12 24 0.17920572310689584 50 0.2936477545901722 52 0.27922484158425026 77 0.2815846959924769 84 0.15834290060329786 100 0.1050492510935716 133 0.1302469105654303 139 0.11389074851722475 181 0.16073720925958496 183 0.17410501744706952 189 0.22865566453998426 193 0.11241126899934802 
105 11 10 0.2450354869029309 22 0.1668000781107552 39 0.2217403121334105 77 0.0997222717038113 84 0.1510403218512679 100 0.19388169078103712 125 0.08677031984987464 132 0.14867967020733633 144 0.1511700746295789 162 0.08342243011724987 172 0.23261493544432066 
106 6 70 0.1488921359611989 114 0.13780344954591167 160 0.06346712681209224 175 0.1891112807952885 179 0.13618405295385114 207 0.10513492071408233 
107 5 14 0.1488785546158921 29 0.11261693783991818 129 0.2526939616190861 184 0.21461863581089116 226 0.09658524475435198 
108 11 20 0.15931911193056553 74 0.13365086188778294 90 0.09708705344169476 94 0.09710517170641261 97 0.09030469794781334 149 0.10837493232945389 151 0.09173948064832657 166 0.06799103421433858 168 0.10697868103558078 185 0.08175648520655317 227 0.19754412614828534 
109 7 1 0.05091019466736131 8 0.17521478911645 19 0.19737898191362338 39 0.19236243346571424 64 0.12661884719321165 101 0.09003318044973668 150 0.1677127482185399 
110 8 9 0.17074637622627895 26 0.11073048367264758 27 0.11634010471753374 36 0.18472930818450287 56 0.13007918176259678 60 0.11221287716855327 131 0.13868672181409966 222 0.1686677730835944 
111 13 31 0.2155817929763442 71 0.28781523643619644 83 0.08931168548379291 86 0.08856369742675801 116 0.04624422175891131 123 0.3029780041877613 126 0.23355818400524117 130 0.23877688587581702 153 0.1846605866522958 156 0.10430602063165507 169 0.16840384317089208 192 0.08697116898025385 228 0.1916229077041778 
112 8 9 0.19205134782151115 15 0.09817433952919112 32 0.12743200636485905 43 0.13928915177601478 73 0.20856413141741723 98 0.14795050219959155 140 0.18425528552751783 165 0.23483999365320724 
113 6 11 0.22598777879001558 36 0.12806485889900698 56 0.16835315726344238 135 0.05725091297284354 159 0.1320003976447554 175 0.08873965924191611 
114 6 63 0.14284745099500146 67 0.13023055522975494 70 0.12498471840207068 106 0.13780344954591167 136 0.1524395509789425 207 0.1584835195295745 
115 12 37 0.1666615802296442 38 0.060692668789082416 47 0.11200845847754747 61 0.13294987156248703 63 0.1979659004449446 66 0.13481595352519066 122 0.1833998195513939 163 0.16126162182168216 191 0.17842374974847533 196 0.22536827324406677 202 0.1369382567488655 215 0.17497707130893161 
116 11 31 0.246857584354056 83 0.10092983981971994 86 0.09549880451211075 111 0.04624422175891131 123 0.2876437082551657 126 0.23117653516483042 130 0.254768510086014 156 0.1412157788298498 177 0.3527755925488864 192 0.11222394723652475 228 0.19588967454852851 
117 12 49 0.2312464411635844 80 0.13235032115023265 99 0.15101072376460142 103 0.21540199419067818 127 0.15334689876486915 128 0.11267393168411594 134 0.13361638137020823 141 0.15945744662651418 142 0.10319321987399906 157 0.09740442296320212 176 0.14086297413725934 212 0.22605335816702077 
118 9 20 0.11102048910064614 32 0.12842678200877158 43 0.13327490801122444 54 0.13531998376970908 73 0.13087778771675604 131 0.2167863831786167 140 0.18055324680545817 180 0.1523356345367363 186 0.13702397939878938 
119 7 1 0.2240335747832795 5 0.0879345980866226 53 0.1820492588452803 79 0.12978029741172556 81 0.23267707478557237 101 0.17322540319332774 188 0.14182948403429296 
120 10 31 0.12369907522784439 54 0.09156476438580045 71 0.11636418926376133 74 0.10042589800547762 169 0.15102221704935065 180 0.1078678816020456 186 0.0995765702214373 194 0.15952085459223508 210 0.1517441186206129 211 0.1199909158361355 
121 9 8 0.12181079474082104 19 0.08855254787512647 25 0.15070388610256064 64 0.19396771649307853 72 0.20931956812073554 75 0.09844457116765735 144 0.20614587263452885 152 0.1438245806925823 158 0.1657511753014341 
122 12 37 0.2212047194836263 38 0.15594781521411147 66 0.18605880160797159 93 0.22139875096867584 96 0.15271419519431098 115 0.1833998195513939 143 0.22525070722792515 147 0.19952544192082303 163 0.16067519397634758 165 0.2561715924809264 201 0.1566844402359389 202 0.11758198579750412 
123 11 49 0.28400662541785787 83 0.2666079825056583 86 0.25831624314838153 96 0.31918167100468414 111 0.3029780041877613 116 0.2876437082551657 154 0.1951617960317791 155 0.1574557143977545 177 0.12243100405615918 217 0.09962474521876091 224 0.09649410532669885 
124 11 8 0.10444241433133841 19 0.15903876344433113 22 0.1395953768275089 125 0.19157552800004626 144 0.15022057464256666 148 0.10853315215565436 158 0.1259153330655917 172 0.1970916017253209 178 0.22176879319328918 214 0.1780149406191975 216 0.20567826767943903 
125 12 8 0.1965580823966018 22 0.17318674462890193 39 0.22714736529148957 77 0.1384755335566353 105 0.08677031984987464 124 0.19157552800004626 132 0.2008442204163165 144 0.07698297976180728 148 0.14925919625431938 158 0.12700551681932107 162 0.10001884257605749 216 0.13333368105839594 
126 6 83 0.15345949184445412 86 0.2909171063469581 111 0.23355818400524117 116 0.23117653516483042 130 0.1398964920136333 155 0.23819713633049946 
127 11 80 0.15912182904026595 99 0.11154926389148484 117 0.15334689876486915 128 0.2074347483034004 134 0.054170549347262356 141 0.2500320611746852 142 0.2033993036836897 157 0.18477642892243357 170 0.12709722758969658 229 0.08769475071718288 230 0.17191384783277072 
128 10 67 0.25080202195701445 80 0.22445930907244172 99 0.24697899423385625 103 0.21279653814605598 117 0.11267393168411594 127 0.2074347483034004 134 0.16508306242542217 141 0.11718449941682162 157 0.10164948661391032 176 0.12171902103368436 
129 7 6 0.13992060374757626 14 0.1648750674881065 33 0.16833220019495 50 0.11321220425124477 52 0.0894425931047284 107 0.2526939616190861 184 0.24342783189971592 
130 5 83 0.1870764801461038 111 0.23877688587581702 116 0.254768510086014 126 0.1398964920136333 156 0.17485303444929381 
131 7 26 0.13620617747763936 48 0.1786954535604606 60 0.20947972660099795 110 0.13868672181409966 118 0.2167863831786167 173 0.0930524874225653 223 0.10845147275539636 
132 14 22 0.10654697637177776 24 0.16009641291550208 77 0.12895597132022668 100 0.1726294956142717 105 0.14867967020733633 125 0.2008442204163165 133 0.26798002982268965 139 0.19138436830982125 148 0.15748495229354892 162 0.18283369521463708 172 0.1275386428343611 178 0.14946837460106094 189 0.23742745780778718 213 0.0947644760019342 
133 12 24 0.1616475568172603 50 0.23583150753993412 52 0.18783174176279907 84 0.2322599421236231 100 0.21431453279338789 104 0.1302469105654303 132 0.26798002982268965 139 0.21744380428141571 146 0.14380293741497044 167 0.19290657156231955 181 0.20296947037599358 193 0.18778056876103577 
134 12 80 0.1814021278019242 99 0.13603248509052984 117 0.13361638137020823 127 0.054170549347262356 128 0.16508306242542217 141 0.22606098638867653 142 0.19976871914800023 157 0.16365554750690114 170 0.12995628248766838 176 0.23857782736407374 229 0.11938953318053355 230 0.17075326870064955 
135 8 13 0.2150741854691232 36 0.10946981923381864 56 0.13850226196757806 113 0.05725091297284354 159 0.169530349435715 175 0.09151951555934713 199 0.17729220697797599 222 0.15603080631196778 
136 5 51 0.14492325397644085 67 0.17153512292766815 70 0.11456763792057492 114 0.1524395509789425 191 0.14816382781516668 
137 8 5 0.26241626252129585 11 0.2790853141171021 23 0.22399520656377842 30 0.21745627106473495 40 0.18845073193773507 41 0.23699827734953907 91 0.20524963265186183 218 0.12505217701801896 
138 3 29 0.17525785827137808 78 0.1730344567664315 82 0.060865687720644684 
139 10 24 0.17133952945588057 77 0.19663550749928677 84 0.16245402577557663 100 0.09242924452077553 104 0.11389074851722475 132 0.19138436830982125 133 0.21744380428141571 183 0.06657605845040857 189 0.23860457186856812 193 0.18140998897427604 
140 7 32 0.19244349617997425 43 0.17225338979555443 73 0.11977532666906657 112 0.18425528552751783 118 0.18055324680545817 147 0.20802082664500413 165 0.22446952067843323 
141 7 80 0.20729071859032563 117 0.15945744662651418 127 0.2500320611746852 128 0.11718449941682162 134 0.22606098638867653 157 0.07878242590424554 176 0.06770388746552787 
142 10 49 0.13917506447482633 80 0.15040409851331948 99 0.134808469265031 117 0.10319321987399906 127 0.2033993036836897 134 0.19976871914800023 174 0.07106973684107662 176 0.21546095616440614 212 0.1506495479915567 219 0.20265209002746348 
143 8 38 0.22524359996301502 51 0.17482989535948437 93 0.09392036557166304 96 0.16902316192757777 122 0.22525070722792515 147 0.18972475073185463 161 0.16129885113019726 201 0.11881979730100425 
144 10 8 0.13111163018496083 22 0.19117230552141387 77 0.18810492503554535 105 0.1511700746295789 121 0.20614587263452885 124 0.15022057464256666 125 0.07698297976180728 158 0.05810458241982111 162 0.16668214101956638 216 0.08482848591491544 
145 9 2 0.18200977733608117 3 0.15623797432859352 4 0.18341152039980538 6 0.16936043579563156 28 0.058149033363553856 33 0.16751323430541692 35 0.1228097260550399 197 0.130859396563283 203 0.16105029413810565 
146 5 24 0.23182593723847625 33 0.20716338148064312 52 0.18039404763517997 133 0.14380293741497044 167 0.18645779027486373 
147 8 71 0.14410836666145124 96 0.05747276357919506 122 0.19952544192082303 140 0.20802082664500413 143 0.18972475073185463 153 0.1743643860360792 201 0.11952598223495409 228 0.16890529000414217 
148 11 22 0.08566712882752127 77 0.1270754520762816 124 0.10853315215565436 125 0.14925919625431938 132 0.15748495229354892 158 0.16164656103032657 162 0.17544676109717916 172 0.14023327410037356 178 0.15660907434279214 213 0.15450400087669966 214 0.16696540963766363 
149 11 20 0.09463198144101033 55 0.13310826225670022 74 0.08143108944581051 90 0.12190320746895209 94 0.09660664797079303 97 0.1384718235207867 108 0.10837493232945389 151 0.08036917075828642 166 0.09887693066858992 168 0.11858592683065763 185 0.12140382867942683 
150 8 1 0.15711820561594908 8 0.2198841904504214 10 0.12135171501623628 12 0.20090864992266075 39 0.06895377431209057 101 0.19968474537335096 109 0.1677127482185399 208 0.17183602766062578 
151 12 20 0.13087746685971538 31 0.11303654857772473 34 0.13038624185927428 74 0.11935403823838632 94 0.07069051708709086 108 0.09173948064832657 149 0.08036917075828642 164 0.10607101017487787 166 0.11639286890994281 169 0.15374261205334902 185 0.122380750061404 227 0.13297381797111338 
152 7 12 0.15312810413904374 21 0.16469493349533998 25 0.01808465372022998 59 0.18059328103223465 72 0.11208807337134337 75 0.09230101998937734 121 0.1438245806925823 
153 9 71 0.1722539412081564 83 0.16333467761012835 86 0.1813840308745716 111 0.1846605866522958 147 0.1743643860360792 155 0.1887912058235143 156 0.1522506083660628 192 0.13705881122933466 228 0.12918811995069265 
154 4 123 0.1951617960317791 177 0.11390413595590027 217 0.11954668472911478 224 0.20516839628715425 
155 8 83 0.22281537577557906 123 0.1574557143977545 126 0.23819713633049946 153 0.1887912058235143 161 0.17180132331715373 177 0.27188066930641014 217 0.2371483459541854 224 0.1775616930690903 
156 11 31 0.2042500884121358 83 0.09640940988172411 86 0.16657406798134816 111 0.10430602063165507 116 0.1412157788298498 130 0.17485303444929381 153 0.1522506083660628 169 0.1821055935163374 192 0.047107764104900064 194 0.15796126115789408 210 0.150699786362782 
157 7 80 0.14797546910531661 117 0.09740442296320212 127 0.18477642892243357 128 0.10164948661391032 134 0.16365554750690114 141 0.07878242590424554 176 0.10080261057281863 
158 8 8 0.08788704851321935 19 0.159782998920512 121 0.1657511753014341 124 0.1259153330655917 125 0.12700551681932107 144 0.05810458241982111 148 0.16164656103032657 216 0.08787050509126287 
159 8 11 0.09711156806865792 36 0.14077304043092562 41 0.17093619285587155 48 0.11550034625513471 113 0.1320003976447554 135 0.169530349435715 175 0.21643356635996608 190 0.1501508670775908 
160 4 106 0.06346712681209224 175 0.17616585515485542 179 0.15732302981010998 207 0.15054895518518646 
161 6 49 0.15838335288832162 51 0.17465016136581393 93 0.12950340690769163 143 0.16129885113019726 155 0.17180132331715373 219 0.12823223226884417 
162 9 22 0.18003467105766893 77 0.08208311501764085 105 0.08342243011724987 125 0.10001884257605749 132 0.18283369521463708 144 0.16668214101956638 148 0.17544676109717916 183 0.18109078885324048 216 0.20468610638437393 
163 8 38 0.15496496930439535 47 0.15662809305079614 49 0.2051511400236663 51 0.22018953490800341 93 0.18404649378238594 115 0.16126162182168216 122 0.16067519397634758 201 0.1843278124942623 
164 9 20 0.16217095391132472 34 0.06165438302915539 43 0.15010127502909698 73 0.15452129270253415 94 0.09578098476267782 97 0.15884074868165243 151 0.10607101017487787 195 0.1777869823694612 227 0.11868587747766318 
165 8 9 0.23841320912451555 37 0.21157754272497578 60 0.2575451900644773 66 0.25619357071505466 112 0.23483999365320724 122 0.2561715924809264 140 0.22446952067843323 206 0.07358302084977715 
166 8 74 0.08706243584172689 90 0.08152316546221137 94 0.13186623380136842 97 0.1430706829367943 108 0.06799103421433858 149 0.09887693066858992 151 0.11639286890994281 168 0.09170513125543522 
167 9 7 0.17687989280811306 16 0.17175414208219986 33 0.1349929071453502 50 0.1500848471565536 52 0.16528392385316285 133 0.19290657156231955 146 0.18645779027486373 181 0.2089521228552465 208 0.17963046047485803 
168 7 42 0.12155632369829496 55 0.11733891478681757 90 0.0563549230999348 108 0.10697868103558078 149 0.11858592683065763 166 0.09170513125543522 171 0.1236595887172277 
169 9 31 0.07143454338270155 74 0.16188992235713762 86 0.1889880453445104 111 0.16840384317089208 120 0.15102221704935065 151 0.15374261205334902 156 0.1821055935163374 192 0.18084347146641538 227 0.13382443250442383 
170 5 127 0.12709722758969658 134 0.12995628248766838 209 0.09593975762433717 229 0.11388733786438301 230 0.09929543098113514 
171 5 18 0.1127895722117315 42 0.04092599281731421 55 0.13811233398588071 74 0.13544251669991658 168 0.1236595887172277 
172 10 22 0.09083267560414945 24 0.18749398118418692 77 0.16935422055113494 105 0.23261493544432066 124 0.1970916017253209 132 0.1275386428343611 148 0.14023327410037356 178 0.044146693296260704 213 0.06509356359452427 214 0.12432867834027761 
173 5 3 0.1793367714372653 11 0.1953904050677987 48 0.14719018921328322 131 0.0930524874225653 223 0.08586230294404475 
174 4 47 0.16280530683733485 142 0.07106973684107662 212 0.20763355071462433 215 0.15007063245456148 
175 7 36 0.19293200199961485 106 0.1891112807952885 113 0.08873965924191611 135 0.09151951555934713 159 0.21643356635996608 160 0.17616585515485542 179 0.16037037959007608 
176 7 80 0.19879708550416933 117 0.14086297413725934 128 0.12171902103368436 134 0.23857782736407374 141 0.06770388746552787 142 0.21546095616440614 157 0.10080261057281863 
177 7 86 0.32846331465191314 116 0.3527755925488864 123 0.12243100405615918 154 0.11390413595590027 155 0.27188066930641014 217 0.06178355564896202 224 0.12466734138361989 
178 10 22 0.12694437712233783 24 0.17299090974682027 77 0.18388599902676656 124 0.22176879319328918 132 0.14946837460106094 148 0.15660907434279214 172 0.044146693296260704 189 0.2278668625700055 213 0.08757638154052833 214 0.11958050004875637 
179 4 106 0.13618405295385114 160 0.15732302981010998 175 0.16037037959007608 207 0.08472586068062529 
180 5 54 0.06233179997249581 71 0.07313744839925375 118 0.1523356345367363 120 0.1078678816020456 186 0.033913369142452694 
181 6 50 0.2066270185363803 84 0.11731881425180458 100 0.1439457443623318 104 0.16073720925958496 133 0.20296947037599358 167 0.2089521228552465 
182 6 17 0.0998109395675406 18 0.15124768433314179 46 0.17210713845251052 57 0.17525607319445646 85 0.08611329504681974 226 0.1574979400469592 
183 7 77 0.14972248674715333 84 0.17970369297631794 100 0.1341396560740855 104 0.17410501744706952 139 0.06657605845040857 162 0.18109078885324048 193 0.24182374485385585 
184 7 14 0.18881093105724445 17 0.24001999862278842 45 0.06584148761670901 69 0.2377070186942878 95 0.1502376481797631 107 0.21461863581089116 129 0.24342783189971592 
185 8 20 0.11570392808996965 90 0.10177283219844555 94 0.07368886135609594 97 0.03977193134632729 108 0.08175648520655317 149 0.12140382867942683 151 0.122380750061404 195 0.1822523673478511 
186 6 54 0.031774433273333784 71 0.07694288221582353 118 0.13702397939878938 120 0.0995765702214373 180 0.033913369142452694 223 0.1812946650962444 
187 7 0 0.17470734456981238 2 0.1562456614944799 4 0.0922448057637826 33 0.16624699485435948 35 0.14836163464927365 197 0.11756354895575787 200 0.13554839600172708 
188 5 5 0.05789298105073118 23 0.14182265147599313 53 0.0896264193566357 79 0.11297257481093216 119 0.14182948403429296 
189 5 24 0.10776067219951399 104 0.22865566453998426 132 0.23742745780778718 139 0.23860457186856812 178 0.2278668625700055 
190 4 11 0.06466179953860776 41 0.11146076418939935 48 0.14023117879908295 159 0.1501508670775908 
191 7 47 0.09593149322577195 51 0.14280595747494498 67 0.13543447849733964 103 0.13274560395321924 115 0.17842374974847533 136 0.14816382781516668 215 0.09687103370197733 
192 8 83 0.07842219778379173 86 0.15079950619572188 111 0.08697116898025385 116 0.11222394723652475 153 0.13705881122933466 156 0.047107764104900064 169 0.18084347146641538 210 0.16007909914879678 
193 6 84 0.2595512044706127 100 0.19254297851343855 104 0.11241126899934802 133 0.18778056876103577 139 0.18140998897427604 183 0.24182374485385585 
194 8 57 0.144174162285678 69 0.11329525486475694 76 0.12485205101710055 120 0.15952085459223508 156 0.15796126115789408 210 0.07373903765172012 211 0.1316158493938847 221 0.0927868039380702 
195 7 34 0.20146240906614918 43 0.2115881590214719 94 0.1823466023378497 97 0.18953230652792452 98 0.17384787808225294 164 0.1777869823694612 185 0.1822523673478511 
196 10 13 0.07534626450800312 37 0.09875970951688601 38 0.24406969134429207 61 0.09996683629858931 63 0.19804612100371732 66 0.1603899003432365 115 0.22536827324406677 199 0.11792873908851716 206 0.21267464972791864 220 0.1260041890802803 
197 8 2 0.10404651351089114 4 0.0586762423606469 28 0.10284135353674068 35 0.07883449053962405 44 0.16288850735559346 145 0.130859396563283 187 0.11756354895575787 200 0.11655886796975233 
198 6 23 0.1021095372978613 30 0.033128121890663505 68 0.17415757575432864 81 0.07466616851551065 91 0.15987167096054816 218 0.12940417700189463 
199 9 13 0.053411679213051205 37 0.18829412460191652 61 0.1400053943931537 63 0.15346288328243932 66 0.16323219731092095 135 0.17729220697797599 196 0.11792873908851716 220 0.20216250934502544 222 0.15164511992756305 
200 7 4 0.06783046087007656 35 0.10695308080260915 44 0.1106045786745302 89 0.12032993961486053 187 0.13554839600172708 197 0.11655886796975233 205 0.13491949560963157 
201 6 93 0.11369789138836409 96 0.0769014497052798 122 0.1566844402359389 143 0.11881979730100425 147 0.11952598223495409 163 0.1843278124942623 
202 6 37 0.16712711923894186 38 0.09826981129566759 66 0.0859410258315532 115 0.1369382567488655 122 0.11758198579750412 206 0.24533410254751492 
203 5 6 0.0955321880110255 11 0.1923785679445726 41 0.15800949678885584 50 0.17934583345411165 145 0.16105029413810565 
204 5 23 0.13259852061409955 68 0.1432087497629185 81 0.17266983548492665 91 0.15347422695684582 225 0.09838313941593199 
205 4 4 0.16883743254671846 35 0.12780851427145823 44 0.07619399685744328 200 0.13491949560963157 
206 6 13 0.2517405161415626 37 0.16321403092527417 61 0.22571540851518632 165 0.07358302084977715 196 0.21267464972791864 202 0.24533410254751492 
207 5 70 0.17108772298927297 106 0.10513492071408233 114 0.1584835195295745 160 0.15054895518518646 179 0.08472586068062529 
208 7 7 0.11750013183582814 10 0.06950936482802683 16 0.1146073628749154 39 0.15399119382163526 88 0.182712811889288 150 0.17183602766062578 167 0.17963046047485803 
209 2 170 0.09593975762433717 230 0.11545147909396078 
210 7 69 0.1626546327562061 120 0.1517441186206129 156 0.150699786362782 192 0.16007909914879678 194 0.07373903765172012 211 0.09485831443820512 221 0.14121587409306177 
211 3 120 0.1199909158361355 194 0.1316158493938847 210 0.09485831443820512 
212 8 49 0.11162354457370495 80 0.16852999877203634 99 0.20182246888365915 117 0.22605335816702077 142 0.1506495479915567 174 0.20763355071462433 217 0.2869405264757974 219 0.13399570479653275 
213 7 22 0.09439059856116691 24 0.16213925112332783 77 0.1305170529553364 132 0.0947644760019342 148 0.15450400087669966 172 0.06509356359452427 178 0.08757638154052833 
214 5 22 0.16518890827466934 124 0.1780149406191975 148 0.16696540963766363 172 0.12432867834027761 178 0.11958050004875637 
215 7 38 0.19746243553327647 47 0.07696103874360452 67 0.13578575809481827 103 0.05243946612629123 115 0.17497707130893161 174 0.15007063245456148 191 0.09687103370197733 
216 7 8 0.16772359439147505 87 0.1777015569456608 124 0.20567826767943903 125 0.13333368105839594 144 0.08482848591491544 158 0.08787050509126287 162 0.20468610638437393 
217 7 86 0.3065905216206314 123 0.09962474521876091 154 0.11954668472911478 155 0.2371483459541854 177 0.06178355564896202 212 0.2869405264757974 224 0.10909270887161585 
218 7 23 0.1227153585301933 30 0.10334563538939553 41 0.16100678836496415 81 0.168381758512646 91 0.15581836163906482 137 0.12505217701801896 198 0.12940417700189463 
219 7 49 0.07984837616460518 93 0.2064615868191925 99 0.18506191152147503 142 0.20265209002746348 161 0.12823223226884417 212 0.13399570479653275 224 0.2289387937006857 
220 7 13 0.18264888940163812 37 0.169865270353657 61 0.19384660279734642 63 0.2393386696364605 66 0.24169891871019772 196 0.1260041890802803 199 0.20216250934502544 
221 7 18 0.0730444642597659 42 0.14432717717486582 57 0.06071371670222022 69 0.06253421602887124 76 0.06064647588877634 194 0.0927868039380702 210 0.14121587409306177 
222 7 13 0.14988149063670592 36 0.1275993824298087 56 0.06929620186427107 66 0.1745866771773746 110 0.1686677730835944 135 0.15603080631196778 199 0.15164511992756305 
223 3 131 0.10845147275539636 173 0.08586230294404475 186 0.1812946650962444 
224 6 123 0.09649410532669885 154 0.20516839628715425 155 0.1775616930690903 177 0.12466734138361989 217 0.10909270887161585 219 0.2289387937006857 
225 3 23 0.13962464095244026 91 0.0967136334445072 204 0.09838313941593199 
226 6 17 0.12039100892251675 29 0.11856249362834871 45 0.1607100484662475 46 0.11230173610168726 107 0.09658524475435198 182 0.1574979400469592 
227 7 31 0.1561675323364742 34 0.12598487139154063 94 0.16299134152773623 108 0.19754412614828534 151 0.13297381797111338 164 0.11868587747766318 169 0.13382443250442383 
228 7 83 0.19773449850626929 86 0.12963804832475975 96 0.18690910782739917 111 0.1916229077041778 116 0.19588967454852851 147 0.16890529000414217 153 0.12918811995069265 
229 5 99 0.18247212340954772 127 0.08769475071718288 134 0.11938953318053355 170 0.11388733786438301 230 0.1158854930572884 
230 5 127 0.17191384783277072 134 0.17075326870064955 170 0.09929543098113514 209 0.11545147909396078 229 0.1158854930572884 
-
0 0
1 0
2 0
3 0
4 2 0.0 0.02247191011235955 0.6123595505617978 0.7078651685393258
5 0
6 1 0.0 0.016853932584269662
7 1 0.0 0.0056179775280898875
8 0
9 0
10 0
11 0
12 0
13 0
14 0
15 0
16 1 0.0 0.016853932584269662
17 0
18 1 0.12921348314606743 0.34831460674157305
19 0
20 0
21 0
22 0
23 0
24 0
25 1 0.0 0.011235955056179775
26 0
27 0
28 0
29 0
30 0
31 0
32 1 0.12359550561797752 0.38202247191011235
33 1 0.0 0.016853932584269662
34 0
35 1 0.0 0.016853932584269662
36 0
37 0
38 1 0.07865168539325842 0.5112359550561798
39 0
40 0
41 0
42 0
43 0
44 0
45 0
46 0
47 1 0.07865168539325842 0.5
48 0
49 0
50 1 0.0 0.011235955056179775
51 2 0.0898876404494382 0.11235955056179775 0.4044943820224719 0.47752808988764045
52 0
53 0
54 0
55 1 0.0898876404494382 0.47191011235955055
56 0
57 0
58 0
59 0
60 0
61 0
62 0
63 0
64 0
65 0
66 2 0.028089887640449437 0.0898876404494382 0.47191011235955055 0.5898876404494382
67 0
68 0
69 0
70 0
71 0
72 0
73 0
74 0
75 1 0.0 0.011235955056179775
76 0
77 1 0.07865168539325842 0.5
78 1 0.0 0.016853932584269662
79 0
80 0
81 0
82 0
83 0
84 1 0.011235955056179775 0.016853932584269662
85 0
86 0
87 0
88 0
89 0
90 0
91 0
92 0
93 1 0.12359550561797752 0.38764044943820225
94 0
95 0
96 0
97 1 0.0898876404494382 0.46629213483146065
98 0
99 0
100 2 0.07865168539325842 0.3202247191011236 0.38202247191011235 0.4943820224719101
101 0
102 0
103 2 0.028089887640449437 0.09550561797752809 0.4550561797752809 0.5898876404494382
104 0
105 0
106 0
107 1 0.0 0.016853932584269662
108 0
109 0
110 0
111 0
112 2 0.08426966292134831 0.33707865168539325 0.37640449438202245 0.48314606741573035
113 0
114 0
115 2 0.02247191011235955 0.10112359550561797 0.43820224719101125 0.5955056179775281
116 0
117 0
118 1 0.07865168539325842 0.5
119 0
120 0
121 0
122 1 0.12359550561797752 0.38764044943820225
123 0
124 1 0.07865168539325842 0.5112359550561798
125 0
126 0
127 0
128 1 0.07865168539325842 0.5056179775280899
129 0
130 0
131 0
132 0
133 0
134 1 0.10674157303370786 0.43258426966292135
135 0
136 2 0.0056179775280898875 0.07865168539325842 0.5056179775280899 0.6235955056179775
137 0
138 1 0.0 0.011235955056179775
139 0
140 0
141 0
142 0
143 0
144 0
145 0
146 0
147 0
148 0
149 0
150 0
151 0
152 1 0.0 0.0056179775280898875
153 0
154 0
155 0
156 0
157 0
158 0
159 0
160 0
161 0
162 3 0.06741573033707865 0.15730337078651685 0.3089887640449438 0.33707865168539325 0.37640449438202245 0.5280898876404494
163 0
164 0
165 2 0.06179775280898876 0.3651685393258427 0.3707865168539326 0.550561797752809
166 0
167 1 0.0 0.02247191011235955
168 1 0.08426966292134831 0.4943820224719101
169 0
170 2 0.06741573033707865 0.12359550561797752 0.38202247191011235 0.5393258426966292
171 1 0.09550561797752809 0.4550561797752809
172 0
173 1 0.033707865168539325 0.03932584269662921
174 1 0.07865168539325842 0.5056179775280899
175 0
176 0
177 0
178 0
179 0
180 1 0.10674157303370786 0.42696629213483145
181 1 0.011235955056179775 0.016853932584269662
182 0
183 0
184 2 0.09550561797752809 0.10112359550561797 0.43820224719101125 0.4606741573033708
185 0
186 0
187 1 0.016853932584269662 0.02247191011235955
188 0
189 0
190 0
191 2 0.02247191011235955 0.06741573033707865 0.5393258426966292 0.9550561797752809
192 0
193 0
194 0
195 0
196 0
197 1 0.0 0.0056179775280898875
198 0
199 0
200 0
201 0
202 2 0.011235955056179775 0.09550561797752809 0.4606741573033708 0.6179775280898876
203 0
204 0
205 0
206 3 0.06179775280898876 0.1797752808988764 0.28651685393258425 0.33707865168539325 0.37640449438202245 0.5561797752808989
207 0
208 1 0.0 0.0056179775280898875
209 3 0.02247191011235955 0.05056179775280899 0.5842696629213483 0.6235955056179775 0.6629213483146067 0.8651685393258427
210 0
211 0
212 0
213 0
214 0
215 3 0.05056179775280899 0.14606741573033707 0.3202247191011236 0.5786516853932584 0.7752808988764045 0.7808988764044944
216 0
217 0
218 0
219 0
220 0
221 0
222 0
223 3 0.02247191011235955 0.06741573033707865 0.5280898876404494 0.6235955056179775 0.6573033707865169 0.9719101123595506
224 0
225 0
226 1 0.0056179775280898875 0.016853932584269662
227 0
228 0
229 0
230 1 0.09550561797752809 0.4550561797752809
-
