0 6 1 0.4731788421103608 2 0.11851121558605057 4 0.21177723365919515 7 0.1967131919750276 16 0.22137761858043412 33 0.23470519704724507 
1 7 0 0.4731788421103608 5 0.273513068037959 8 0.2039387408708217 10 0.2503360858179655 12 0.1792983220481631 19 0.22614460667942798 39 0.18043487804215358 
2 7 0 0.11851121558605057 3 0.33228936425405353 4 0.1350278753439409 9 0.3469407562285025 28 0.1812491707856729 33 0.2320279371289177 35 0.1796295940594652 
3 7 2 0.33228936425405353 6 0.19191192825279668 11 0.1976577328204105 14 0.3079922803415937 17 0.173886935435215 28 0.1765405750884105 29 0.15246720999336186 
4 9 0 0.21177723365919515 2 0.1350278753439409 6 0.30719410962880606 9 0.3483731138804504 14 0.32147002162463484 15 0.42697011847513233 28 0.1458262248039554 33 0.2031841109695514 35 0.09188880004508335 
5 3 1 0.273513068037959 23 0.17121527300556866 30 0.1980254191048831 
6 8 3 0.19191192825279668 4 0.30719410962880606 7 0.2692494321362092 11 0.2678942772862609 14 0.2643380917941745 17 0.30107653166232184 28 0.20681762129094797 33 0.14690959635396691 
7 6 0 0.1967131919750276 6 0.2692494321362092 10 0.14585895563096465 16 0.09761376010481905 23 0.32470170340383353 30 0.2536413683000696 
8 7 1 0.2039387408708217 10 0.285984309035167 12 0.22466550212782382 19 0.09632098148577838 22 0.223083960268597 25 0.21841525579106094 39 0.20237917820295212 
9 7 2 0.3469407562285025 4 0.3483731138804504 13 0.36717651356725883 15 0.14548447782209006 26 0.13194515072591917 27 0.09416355259437333 37 0.344790473841668 
10 8 1 0.2503360858179655 7 0.14585895563096465 8 0.285984309035167 12 0.19959255238919998 16 0.11672504362333933 19 0.35987885142834775 21 0.23688606960508923 39 0.08825806067139813 
11 7 3 0.1976577328204105 6 0.2678942772862609 13 0.4419858146664648 17 0.3621097731165924 26 0.3606499567924666 36 0.22178794671331467 40 0.12774493641479798 
12 8 1 0.1792983220481631 8 0.22466550212782382 10 0.19959255238919998 16 0.22313439588070022 19 0.24527838650438435 21 0.09150325091220386 25 0.14281892271296062 39 0.15779761009447552 
13 5 9 0.36717651356725883 11 0.4419858146664648 36 0.23778322492211673 37 0.13962106883231376 38 0.22505284013838778 
14 4 3 0.3079922803415937 4 0.32147002162463484 6 0.2643380917941745 17 0.27824716292397667 
15 7 4 0.42697011847513233 9 0.14548447782209006 20 0.1783109286163354 26 0.21631684947185445 27 0.21380797143159888 32 0.08924718872950711 34 0.255471528232569 
16 6 0 0.22137761858043412 7 0.09761376010481905 10 0.11672504362333933 12 0.22313439588070022 21 0.21498943624533084 39 0.18848787971451347 
17 6 3 0.173886935435215 6 0.30107653166232184 11 0.3621097731165924 14 0.27824716292397667 18 0.21726972219963767 29 0.15001829305657877 
18 3 17 0.21726972219963767 20 0.30955554727499335 31 0.2397742593836892 
19 5 1 0.22614460667942798 8 0.09632098148577838 10 0.35987885142834775 12 0.24527838650438435 25 0.19779543523278154 
20 6 15 0.1783109286163354 18 0.30955554727499335 26 0.2676244141608174 31 0.22580782443413383 32 0.1008003064122482 34 0.1539653971811796 
21 4 10 0.23688606960508923 12 0.09150325091220386 16 0.21498943624533084 25 0.15111937946272214 
22 2 8 0.223083960268597 24 0.23641271662184513 
23 4 5 0.17121527300556866 7 0.32470170340383353 30 0.07721980313709166 40 0.2038896079710462 
24 1 22 0.23641271662184513 
25 4 8 0.21841525579106094 12 0.14281892271296062 19 0.19779543523278154 21 0.15111937946272214 
26 8 9 0.13194515072591917 11 0.3606499567924666 15 0.21631684947185445 20 0.2676244141608174 27 0.10941200213248463 32 0.22998722700705534 36 0.2672047291483775 37 0.3976861057750548 
27 4 9 0.09416355259437333 15 0.21380797143159888 26 0.10941200213248463 37 0.34904423063125184 
28 7 2 0.1812491707856729 3 0.1765405750884105 4 0.1458262248039554 6 0.20681762129094797 29 0.17064522231729398 33 0.17969617295852117 35 0.0742663571961836 
29 4 3 0.15246720999336186 17 0.15001829305657877 28 0.17064522231729398 35 0.19752122973746145 
30 4 5 0.1980254191048831 7 0.2536413683000696 23 0.07721980313709166 40 0.17394935208199702 
31 3 18 0.2397742593836892 20 0.22580782443413383 34 0.20702663003431485 
32 4 15 0.08924718872950711 20 0.1008003064122482 26 0.22998722700705534 34 0.19851061557799302 
33 6 0 0.23470519704724507 2 0.2320279371289177 4 0.2031841109695514 6 0.14690959635396691 28 0.17969617295852117 35 0.17027124488765172 
34 4 15 0.255471528232569 20 0.1539653971811796 31 0.20702663003431485 32 0.19851061557799302 
35 5 2 0.1796295940594652 4 0.09188880004508335 28 0.0742663571961836 29 0.19752122973746145 33 0.17027124488765172 
36 5 11 0.22178794671331467 13 0.23778322492211673 26 0.2672047291483775 37 0.31694304451306865 38 0.28908362448476344 
37 6 9 0.344790473841668 13 0.13962106883231376 26 0.3976861057750548 27 0.34904423063125184 36 0.31694304451306865 38 0.1869770174478295 
38 3 13 0.22505284013838778 36 0.28908362448476344 37 0.1869770174478295 
39 5 1 0.18043487804215358 8 0.20237917820295212 10 0.08825806067139813 12 0.15779761009447552 16 0.18848787971451347 
40 3 11 0.12774493641479798 23 0.2038896079710462 30 0.17394935208199702 
-
0 0
1 0
2 0
3 0
4 2 0.0 0.02247191011235955 0.6123595505617978 0.7078651685393258
5 0
6 1 0.0 0.016853932584269662
7 1 0.0 0.0056179775280898875
8 0
9 0
10 0
11 0
12 0
13 0
14 0
15 0
16 1 0.0 0.016853932584269662
17 0
18 1 0.12921348314606743 0.34831460674157305
19 0
20 0
21 0
22 0
23 0
24 0
25 1 0.0 0.011235955056179775
26 0
27 0
28 0
29 0
30 0
31 0
32 1 0.12359550561797752 0.38202247191011235
33 1 0.0 0.016853932584269662
34 0
35 1 0.0 0.016853932584269662
36 0
37 0
38 1 0.07865168539325842 0.5112359550561798
39 0
40 0
-
