0 6 1 0.4731788421103608 2 0.11851121558605057 4 0.21177723365919515 7 0.1967131919750276 16 0.22137761858043412 33 0.23470519704724507 
1 10 0 0.4731788421103608 5 0.273513068037959 8 0.2039387408708217 10 0.2503360858179655 12 0.1792983220481631 19 0.22614460667942798 39 0.18043487804215358 53 0.31582285503119434 59 0.3406269121925108 64 0.15288609205066203 
2 7 0 0.11851121558605057 3 0.33228936425405353 4 0.1350278753439409 9 0.3469407562285025 28 0.1812491707856729 33 0.2320279371289177 35 0.1796295940594652 
3 10 2 0.33228936425405353 6 0.19191192825279668 11 0.1976577328204105 14 0.3079922803415937 17 0.173886935435215 28 0.1765405750884105 29 0.15246720999336186 46 0.07864595468772316 48 0.196744161886137 58 0.12002595767045682 
4 10 0 0.21177723365919515 2 0.1350278753439409 6 0.30719410962880606 9 0.3483731138804504 14 0.32147002162463484 15 0.42697011847513233 28 0.1458262248039554 33 0.2031841109695514 35 0.09188880004508335 44 0.1477877935955797 
5 4 1 0.273513068037959 23 0.17121527300556866 30 0.1980254191048831 53 0.10344475127910703 
6 12 3 0.19191192825279668 4 0.30719410962880606 7 0.2692494321362092 11 0.2678942772862609 14 0.2643380917941745 17 0.30107653166232184 28 0.20681762129094797 33 0.14690959635396691 45 0.2749364318334014 46 0.20653041992887028 50 0.11038237144953753 52 0.18000065247690875 
7 7 0 0.1967131919750276 6 0.2692494321362092 10 0.14585895563096465 16 0.09761376010481905 23 0.32470170340383353 30 0.2536413683000696 50 0.2756404462383802 
8 8 1 0.2039387408708217 10 0.285984309035167 12 0.22466550212782382 19 0.09632098148577838 22 0.223083960268597 25 0.21841525579106094 39 0.20237917820295212 64 0.16754345920526187 
9 8 2 0.3469407562285025 4 0.3483731138804504 13 0.36717651356725883 15 0.14548447782209006 26 0.13194515072591917 27 0.09416355259437333 37 0.344790473841668 60 0.09760015695782523 
10 9 1 0.2503360858179655 7 0.14585895563096465 8 0.285984309035167 12 0.19959255238919998 16 0.11672504362333933 19 0.35987885142834775 21 0.23688606960508923 39 0.08825806067139813 62 0.2054812857037422 
11 9 3 0.1976577328204105 6 0.2678942772862609 13 0.4419858146664648 17 0.3621097731165924 26 0.3606499567924666 36 0.22178794671331467 40 0.12774493641479798 41 0.12760922144434744 48 0.10117553539365302 
12 12 1 0.1792983220481631 8 0.22466550212782382 10 0.19959255238919998 16 0.22313439588070022 19 0.24527838650438435 21 0.09150325091220386 25 0.14281892271296062 39 0.15779761009447552 59 0.2605186483156148 62 0.12214136998400654 64 0.2332883235243231 65 0.15547986183276336 
13 10 9 0.36717651356725883 11 0.4419858146664648 36 0.23778322492211673 37 0.13962106883231376 38 0.22505284013838778 47 0.3067203106758408 56 0.20884362127945305 61 0.09493791902321133 63 0.15967838723784752 66 0.13667505985696235 
14 7 3 0.3079922803415937 4 0.32147002162463484 6 0.2643380917941745 17 0.27824716292397667 45 0.1881758257929077 50 0.27512309714328553 52 0.21365619148964315 
15 9 4 0.42697011847513233 9 0.14548447782209006 20 0.1783109286163354 26 0.21631684947185445 27 0.21380797143159888 32 0.08924718872950711 34 0.255471528232569 43 0.12224470216034482 60 0.2157651008998895 
16 7 0 0.22137761858043412 7 0.09761376010481905 10 0.11672504362333933 12 0.22313439588070022 21 0.21498943624533084 39 0.18848787971451347 62 0.16231279772079174 
17 9 3 0.173886935435215 6 0.30107653166232184 11 0.3621097731165924 14 0.27824716292397667 18 0.21726972219963767 29 0.15001829305657877 42 0.27270925976190147 45 0.21722626123609576 46 0.10880283779120722 
18 6 17 0.21726972219963767 20 0.30955554727499335 31 0.2397742593836892 42 0.09906555864135834 57 0.047581239634720184 69 0.08957144472165504 
19 7 1 0.22614460667942798 8 0.09632098148577838 10 0.35987885142834775 12 0.24527838650438435 25 0.19779543523278154 59 0.30156337601792405 64 0.12066302681544595 
20 10 15 0.1783109286163354 18 0.30955554727499335 26 0.2676244141608174 31 0.22580782443413383 32 0.1008003064122482 34 0.1539653971811796 42 0.2264693556302811 43 0.1006422074414895 54 0.17591843588598957 55 0.13049623656732712 
21 7 10 0.23688606960508923 12 0.09150325091220386 16 0.21498943624533084 25 0.15111937946272214 59 0.25190137620656167 62 0.059382060558953814 65 0.11421067025256909 
22 2 8 0.223083960268597 24 0.23641271662184513 
23 6 5 0.17121527300556866 7 0.32470170340383353 30 0.07721980313709166 40 0.2038896079710462 53 0.13888712814758403 68 0.18842294385741126 
24 1 22 0.23641271662184513 
25 8 8 0.21841525579106094 12 0.14281892271296062 19 0.19779543523278154 21 0.15111937946272214 59 0.19092172123316903 62 0.198170846606693 64 0.2326998603376167 65 0.2156476833809809 
26 10 9 0.13194515072591917 11 0.3606499567924666 15 0.21631684947185445 20 0.2676244141608174 27 0.10941200213248463 32 0.22998722700705534 36 0.2672047291483775 37 0.3976861057750548 56 0.2206161728382956 60 0.09054913316325397 
27 6 9 0.09416355259437333 15 0.21380797143159888 26 0.10941200213248463 37 0.34904423063125184 56 0.214457772101395 60 0.11777215070384477 
28 8 2 0.1812491707856729 3 0.1765405750884105 4 0.1458262248039554 6 0.20681762129094797 29 0.17064522231729398 33 0.17969617295852117 35 0.0742663571961836 44 0.14651695099695852 
29 7 3 0.15246720999336186 17 0.15001829305657877 28 0.17064522231729398 35 0.19752122973746145 44 0.17356559689142287 45 0.2747157343982056 58 0.1899070255686615 
30 6 5 0.1980254191048831 7 0.2536413683000696 23 0.07721980313709166 40 0.17394935208199702 53 0.181920393117326 68 0.18930720497375195 
31 5 18 0.2397742593836892 20 0.22580782443413383 34 0.20702663003431485 42 0.2325205814063281 54 0.18699372373442638 
32 6 15 0.08924718872950711 20 0.1008003064122482 26 0.22998722700705534 34 0.19851061557799302 43 0.08470989413972137 55 0.17627520557942722 
33 8 0 0.23470519704724507 2 0.2320279371289177 4 0.2031841109695514 6 0.14690959635396691 28 0.17969617295852117 35 0.17027124488765172 50 0.16512763227662247 52 0.152696814663412 
34 5 15 0.255471528232569 20 0.1539653971811796 31 0.20702663003431485 32 0.19851061557799302 43 0.13674785933627884 
35 6 2 0.1796295940594652 4 0.09188880004508335 28 0.0742663571961836 29 0.19752122973746145 33 0.17027124488765172 44 0.09561435663482834 
36 8 11 0.22178794671331467 13 0.23778322492211673 26 0.2672047291483775 37 0.31694304451306865 38 0.28908362448476344 48 0.21050607443394354 56 0.09806272565081438 66 0.2224034303632789 
37 10 9 0.344790473841668 13 0.13962106883231376 26 0.3976861057750548 27 0.34904423063125184 36 0.31694304451306865 38 0.1869770174478295 47 0.276144250083036 61 0.07898940737792605 63 0.23263434111696402 66 0.12413055660994493 
38 10 13 0.22505284013838778 36 0.28908362448476344 37 0.1869770174478295 47 0.12564350177468364 49 0.3040312463305378 51 0.20921353220896702 61 0.14687283062779638 63 0.2127200421371622 66 0.11361331353265378 67 0.26499307374505526 
39 6 1 0.18043487804215358 8 0.20237917820295212 10 0.08825806067139813 12 0.15779761009447552 16 0.18848787971451347 64 0.27776748609430035 
40 4 11 0.12774493641479798 23 0.2038896079710462 30 0.17394935208199702 41 0.13131003457596396 
41 3 11 0.12760922144434744 40 0.13131003457596396 48 0.22456508548028078 
42 8 17 0.27270925976190147 18 0.09906555864135834 20 0.2264693556302811 31 0.2325205814063281 54 0.19608558310523294 55 0.1474939059407911 57 0.14054376580318562 69 0.18471336602114155 
43 5 15 0.12224470216034482 20 0.1006422074414895 32 0.08470989413972137 34 0.13674785933627884 55 0.20505309991775797 
44 4 4 0.1477877935955797 28 0.14651695099695852 29 0.17356559689142287 35 0.09561435663482834 
45 4 6 0.2749364318334014 14 0.1881758257929077 17 0.21722626123609576 29 0.2747157343982056 
46 4 3 0.07864595468772316 6 0.20653041992887028 17 0.10880283779120722 58 0.17625756566500236 
47 8 13 0.3067203106758408 37 0.276144250083036 38 0.12564350177468364 49 0.2503213451862297 51 0.18246169096115467 61 0.23348116771146304 63 0.2261253817029706 67 0.18343213307510972 
48 5 3 0.196744161886137 11 0.10117553539365302 36 0.21050607443394354 41 0.22456508548028078 56 0.22264674014527877 
49 3 38 0.3040312463305378 47 0.2503213451862297 51 0.18509118557204782 
50 5 6 0.11038237144953753 7 0.2756404462383802 14 0.27512309714328553 33 0.16512763227662247 52 0.10921628806261287 
51 4 38 0.20921353220896702 47 0.18246169096115467 49 0.18509118557204782 67 0.2548650981702712 
52 4 6 0.18000065247690875 14 0.21365619148964315 33 0.152696814663412 50 0.10921628806261287 
53 5 1 0.31582285503119434 5 0.10344475127910703 23 0.13888712814758403 30 0.181920393117326 68 0.21210820552024298 
54 4 20 0.17591843588598957 31 0.18699372373442638 42 0.19608558310523294 55 0.20283977610492163 
55 5 20 0.13049623656732712 32 0.17627520557942722 42 0.1474939059407911 43 0.20505309991775797 54 0.20283977610492163 
56 7 13 0.20884362127945305 26 0.2206161728382956 27 0.214457772101395 36 0.09806272565081438 48 0.22264674014527877 60 0.19597926507077884 61 0.25409838941095453 
57 3 18 0.047581239634720184 42 0.14054376580318562 69 0.05403763612399549 
58 3 3 0.12002595767045682 29 0.1899070255686615 46 0.17625756566500236 
59 6 1 0.3406269121925108 12 0.2605186483156148 19 0.30156337601792405 21 0.25190137620656167 25 0.19092172123316903 65 0.21908765335418334 
60 5 9 0.09760015695782523 15 0.2157651008998895 26 0.09054913316325397 27 0.11777215070384477 56 0.19597926507077884 
61 7 13 0.09493791902321133 37 0.07898940737792605 38 0.14687283062779638 47 0.23348116771146304 56 0.25409838941095453 63 0.1658550561130016 66 0.08508707614729405 
62 6 10 0.2054812857037422 12 0.12214136998400654 16 0.16231279772079174 21 0.059382060558953814 25 0.198170846606693 65 0.1501051833945117 
63 8 13 0.15967838723784752 37 0.23263434111696402 38 0.2127200421371622 47 0.2261253817029706 61 0.1658550561130016 66 0.19508627301229864 67 0.1845834056900375 70 0.24170694418426708 
64 6 1 0.15288609205066203 8 0.16754345920526187 12 0.2332883235243231 19 0.12066302681544595 25 0.2326998603376167 39 0.27776748609430035 
65 5 12 0.15547986183276336 21 0.11421067025256909 25 0.2156476833809809 59 0.21908765335418334 62 0.1501051833945117 
66 6 13 0.13667505985696235 36 0.2224034303632789 37 0.12413055660994493 38 0.11361331353265378 61 0.08508707614729405 63 0.19508627301229864 
67 5 38 0.26499307374505526 47 0.18343213307510972 51 0.2548650981702712 63 0.1845834056900375 70 0.1505795615285062 
68 3 23 0.18842294385741126 30 0.18930720497375195 53 0.21210820552024298 
69 3 18 0.08957144472165504 42 0.18471336602114155 57 0.05403763612399549 
70 2 63 0.24170694418426708 67 0.1505795615285062 
-
0 0
1 0
2 0
3 0
4 2 0.0 0.02247191011235955 0.6123595505617978 0.7078651685393258
5 0
6 1 0.0 0.016853932584269662
7 1 0.0 0.0056179775280898875
8 0
9 0
10 0
11 0
12 0
13 0
14 0
15 0
16 1 0.0 0.016853932584269662
17 0
18 1 0.12921348314606743 0.34831460674157305
19 0
20 0
21 0
22 0
23 0
24 0
25 1 0.0 0.011235955056179775
26 0
27 0
28 0
29 0
30 0
31 0
32 1 0.12359550561797752 0.38202247191011235
33 1 0.0 0.016853932584269662
34 0
35 1 0.0 0.016853932584269662
36 0
37 0
38 1 0.07865168539325842 0.5112359550561798
39 0
40 0
41 0
42 0
43 0
44 0
45 0
46 0
47 1 0.07865168539325842 0.5
48 0
49 0
50 1 0.0 0.011235955056179775
51 2 0.0898876404494382 0.11235955056179775 0.4044943820224719 0.47752808988764045
52 0
53 0
54 0
55 1 0.0898876404494382 0.47191011235955055
56 0
57 0
58 0
59 0
60 0
61 0
62 0
63 0
64 0
65 0
66 2 0.028089887640449437 0.0898876404494382 0.47191011235955055 0.5898876404494382
67 0
68 0
69 0
70 0
-
