0 4 1 0.4731788421103608 2 0.11851121558605057 4 0.21177723365919515 7 0.1967131919750276 
1 4 0 0.4731788421103608 5 0.273513068037959 8 0.2039387408708217 10 0.2503360858179655 
2 4 0 0.11851121558605057 3 0.33228936425405353 4 0.1350278753439409 9 0.3469407562285025 
3 2 2 0.33228936425405353 6 0.19191192825279668 
4 4 0 0.21177723365919515 2 0.1350278753439409 6 0.30719410962880606 9 0.3483731138804504 
5 1 1 0.273513068037959 
6 3 3 0.19191192825279668 4 0.30719410962880606 7 0.2692494321362092 
7 3 0 0.1967131919750276 6 0.2692494321362092 10 0.14585895563096465 
8 2 1 0.2039387408708217 10 0.285984309035167 
9 2 2 0.3469407562285025 4 0.3483731138804504 
10 3 1 0.2503360858179655 7 0.14585895563096465 8 0.285984309035167 
-
0 0
1 0
2 0
3 0
4 2 0.0 0.02247191011235955 0.6123595505617978 0.7078651685393258
5 0
6 1 0.0 0.016853932584269662
7 1 0.0 0.0056179775280898875
8 0
9 0
10 0
-
