0 5 1 0.10038663538364866 2 0.05550568523986818 4 0.09890066874116389 5 0.08808951423884158 15 0.07780499041235903 
1 5 0 0.10038663538364866 3 0.12057485781998177 8 0.07871025694480878 15 0.04515078532773797 20 0.09052994314408236 
2 8 0 0.05550568523986818 4 0.09509740419054084 5 0.036930048778459894 6 0.11840035692101328 10 0.09464722082140013 11 0.05132814872943054 15 0.08649565697330912 17 0.07468690999591844 
3 4 1 0.12057485781998177 6 0.09593775646465705 8 0.06999551372208528 16 0.07074927592145745 
4 7 0 0.09890066874116389 2 0.09509740419054084 7 0.07696188973564876 9 0.07404776470528275 13 0.07421152732145321 18 0.04743866393289603 19 0.07472527061115838 
5 7 0 0.08808951423884158 2 0.036930048778459894 9 0.08630787566717411 10 0.06329953447179894 11 0.03506906919018796 12 0.06218824329062541 17 0.08536998763641968 
6 4 2 0.11840035692101328 3 0.09593775646465705 17 0.05963297087888213 20 0.06728123398656312 
7 4 4 0.07696188973564876 13 0.03115035457194101 14 0.05338010811868541 18 0.07690190193442097 
8 3 1 0.07871025694480878 3 0.06999551372208528 16 0.07507990379958979 
9 7 4 0.07404776470528275 5 0.08630787566717411 10 0.10402542685981185 12 0.04097794083240969 13 0.09066227348898047 18 0.06413254489940336 19 0.02868181116477031 
10 4 2 0.09464722082140013 5 0.06329953447179894 9 0.10402542685981185 11 0.054867538386415414 
11 5 2 0.05132814872943054 5 0.03506906919018796 10 0.054867538386415414 12 0.03640609750345197 19 0.06708830357712978 
12 4 5 0.06218824329062541 9 0.04097794083240969 11 0.03640609750345197 19 0.047945256711823696 
13 5 4 0.07421152732145321 7 0.03115035457194101 9 0.09066227348898047 14 0.05042940926840926 18 0.0683095341367775 
14 2 7 0.05338010811868541 13 0.05042940926840926 
15 5 0 0.07780499041235903 1 0.04515078532773797 2 0.08649565697330912 17 0.08799896870400616 20 0.05522228518139591 
16 2 3 0.07074927592145745 8 0.07507990379958979 
17 5 2 0.07468690999591844 5 0.08536998763641968 6 0.05963297087888213 15 0.08799896870400616 20 0.05467049932671033 
18 4 4 0.04743866393289603 7 0.07690190193442097 9 0.06413254489940336 13 0.0683095341367775 
19 4 4 0.07472527061115838 9 0.02868181116477031 11 0.06708830357712978 12 0.047945256711823696 
20 4 1 0.09052994314408236 6 0.06728123398656312 15 0.05522228518139591 17 0.05467049932671033 
-
0 0
1 0
2 0
3 0
4 2 0.37637362637362637 0.41895604395604397 0.5164835164835165 0.5975274725274725
5 1 0.7005494505494505 0.7101648351648352
6 0
7 0
8 3 0.046703296703296704 0.06043956043956044 0.14697802197802198 0.1936813186813187 0.9244505494505495 0.989010989010989
9 0
10 0
11 0
12 0
13 0
14 0
15 0
16 0
17 0
18 3 0.3447802197802198 0.45054945054945056 0.4848901098901099 0.6291208791208791 0.6620879120879121 0.6675824175824175
19 0
20 0
-
