0 5 1 0.10038663538364866 2 0.05550568523986818 4 0.09890066874116389 5 0.08808951423884158 15 0.07780499041235903 
1 8 0 0.10038663538364866 3 0.12057485781998177 8 0.07871025694480878 15 0.04515078532773797 20 0.09052994314408236 22 0.1029645876870458 25 0.0550284436702492 38 0.04844299266350496 
2 9 0 0.05550568523986818 4 0.09509740419054084 5 0.036930048778459894 6 0.11840035692101328 10 0.09464722082140013 11 0.05132814872943054 15 0.08649565697330912 17 0.07468690999591844 37 0.05840196947166923 
3 7 1 0.12057485781998177 6 0.09593775646465705 8 0.06999551372208528 16 0.07074927592145745 21 0.034682199657700426 33 0.03925856016064256 39 0.054360589534254704 
4 13 0 0.09890066874116389 2 0.09509740419054084 7 0.07696188973564876 9 0.07404776470528275 13 0.07421152732145321 18 0.04743866393289603 19 0.07472527061115838 22 0.09328695702805516 23 0.06257597114429637 28 0.05432518719095927 32 0.048756008703848955 37 0.04123579668789971 40 0.058336573619613315 
5 7 0 0.08808951423884158 2 0.036930048778459894 9 0.08630787566717411 10 0.06329953447179894 11 0.03506906919018796 12 0.06218824329062541 17 0.08536998763641968 
6 8 2 0.11840035692101328 3 0.09593775646465705 17 0.05963297087888213 20 0.06728123398656312 21 0.07595285815144386 33 0.07434514195280248 34 0.06193357059014377 39 0.05082261812612369 
7 9 4 0.07696188973564876 13 0.03115035457194101 14 0.05338010811868541 18 0.07690190193442097 23 0.01922542190129882 26 0.07550960567128799 31 0.036120382419268716 32 0.0427875598406261 40 0.06634041592415922 
8 6 1 0.07871025694480878 3 0.06999551372208528 16 0.07507990379958979 21 0.09772615397264642 33 0.06408937124612883 38 0.08610001538196016 
9 8 4 0.07404776470528275 5 0.08630787566717411 10 0.10402542685981185 12 0.04097794083240969 13 0.09066227348898047 18 0.06413254489940336 19 0.02868181116477031 29 0.0617980371380297 
10 4 2 0.09464722082140013 5 0.06329953447179894 9 0.10402542685981185 11 0.054867538386415414 
11 7 2 0.05132814872943054 5 0.03506906919018796 10 0.054867538386415414 12 0.03640609750345197 19 0.06708830357712978 29 0.06543007949835335 35 0.08439912669707905 
12 5 5 0.06218824329062541 9 0.04097794083240969 11 0.03640609750345197 19 0.047945256711823696 29 0.049378288552583076 
13 12 4 0.07421152732145321 7 0.03115035457194101 9 0.09066227348898047 14 0.05042940926840926 18 0.0683095341367775 23 0.022553002553055184 26 0.07643511920059627 27 0.051092743907219504 28 0.04066049905538493 31 0.03453012709243027 32 0.029565061358618736 36 0.07264394688638642 
14 8 7 0.05338010811868541 13 0.05042940926840926 23 0.053039093206044934 26 0.034953364203879074 27 0.006252506975367146 30 0.04777122289062011 31 0.06553999054203298 36 0.026411391472242113 
15 10 0 0.07780499041235903 1 0.04515078532773797 2 0.08649565697330912 17 0.08799896870400616 20 0.05522228518139591 22 0.08732623142212191 24 0.06708098158846965 25 0.04939080534286895 34 0.046603772221619245 38 0.08416757169937711 
16 5 3 0.07074927592145745 8 0.07507990379958979 21 0.07497327823022829 33 0.06025663371963952 35 0.07477657602752869 
17 7 2 0.07468690999591844 5 0.08536998763641968 6 0.05963297087888213 15 0.08799896870400616 20 0.05467049932671033 24 0.038034484172950175 34 0.06821110058525498 
18 5 4 0.04743866393289603 7 0.07690190193442097 9 0.06413254489940336 13 0.0683095341367775 40 0.03654692381001309 
19 7 4 0.07472527061115838 9 0.02868181116477031 11 0.06708830357712978 12 0.047945256711823696 28 0.04845649946453378 29 0.05042775766238138 35 0.08418172244731936 
20 8 1 0.09052994314408236 6 0.06728123398656312 15 0.05522228518139591 17 0.05467049932671033 22 0.11225307709386707 24 0.0620856700257152 25 0.06006445068309767 34 0.023923225542970678 
21 6 3 0.034682199657700426 6 0.07595285815144386 8 0.09772615397264642 16 0.07497327823022829 33 0.04509238794688556 39 0.04591060181731907 
22 5 1 0.1029645876870458 4 0.09328695702805516 15 0.08732623142212191 20 0.11225307709386707 25 0.08698559582928185 
23 11 4 0.06257597114429637 7 0.01922542190129882 13 0.022553002553055184 14 0.053039093206044934 26 0.08032645909467523 27 0.05615504039100362 28 0.045433014214266994 30 0.07763119136333707 31 0.044919424913664026 32 0.025558064194289572 40 0.06292760223146357 
24 4 15 0.06708098158846965 17 0.038034484172950175 20 0.0620856700257152 39 0.06757926228374721 
25 6 1 0.0550284436702492 15 0.04939080534286895 20 0.06006445068309767 22 0.08698559582928185 34 0.0519538662991142 38 0.08571381149584237 
26 7 7 0.07550960567128799 13 0.07643511920059627 14 0.034953364203879074 23 0.08032645909467523 27 0.034583320407073424 30 0.060944153928264196 36 0.02208937136108288 
27 6 13 0.051092743907219504 14 0.006252506975367146 23 0.05615504039100362 26 0.034583320407073424 30 0.050852394864211635 36 0.024967556309216148 
28 5 4 0.05432518719095927 13 0.04066049905538493 19 0.04845649946453378 23 0.045433014214266994 32 0.021231396169281307 
29 5 9 0.0617980371380297 11 0.06543007949835335 12 0.049378288552583076 19 0.05042775766238138 35 0.05904499690681671 
30 6 14 0.04777122289062011 23 0.07763119136333707 26 0.060944153928264196 27 0.050852394864211635 36 0.04503250227123241 38 0.09537999968592668 
31 4 7 0.036120382419268716 13 0.03453012709243027 14 0.06553999054203298 23 0.044919424913664026 
32 6 4 0.048756008703848955 7 0.0427875598406261 13 0.029565061358618736 23 0.025558064194289572 28 0.021231396169281307 40 0.0679711900305998 
33 6 3 0.03925856016064256 6 0.07434514195280248 8 0.06408937124612883 16 0.06025663371963952 21 0.04509238794688556 39 0.023981719119112732 
34 5 6 0.06193357059014377 15 0.046603772221619245 17 0.06821110058525498 20 0.023923225542970678 25 0.0519538662991142 
35 4 11 0.08439912669707905 16 0.07477657602752869 19 0.08418172244731936 29 0.05904499690681671 
36 5 13 0.07264394688638642 14 0.026411391472242113 26 0.02208937136108288 27 0.024967556309216148 30 0.04503250227123241 
37 2 2 0.05840196947166923 4 0.04123579668789971 
38 5 1 0.04844299266350496 8 0.08610001538196016 15 0.08416757169937711 25 0.08571381149584237 30 0.09537999968592668 
39 5 3 0.054360589534254704 6 0.05082261812612369 21 0.04591060181731907 24 0.06757926228374721 33 0.023981719119112732 
40 5 4 0.058336573619613315 7 0.06634041592415922 18 0.03654692381001309 23 0.06292760223146357 32 0.0679711900305998 
-
0 0
1 0
2 0
3 0
4 2 0.37637362637362637 0.41895604395604397 0.5164835164835165 0.5975274725274725
5 1 0.7005494505494505 0.7101648351648352
6 0
7 0
8 3 0.046703296703296704 0.06043956043956044 0.14697802197802198 0.1936813186813187 0.9244505494505495 0.989010989010989
9 0
10 0
11 0
12 0
13 0
14 0
15 0
16 0
17 0
18 3 0.3447802197802198 0.45054945054945056 0.4848901098901099 0.6291208791208791 0.6620879120879121 0.6675824175824175
19 0
20 0
21 4 0.3585164835164835 0.3626373626373626 0.43543956043956045 0.4381868131868132 0.49725274725274726 0.5 0.614010989010989 0.6167582417582418
22 0
23 2 0.33791208791208793 0.4642857142857143 0.47115384615384615 0.6428571428571429
24 2 0.364010989010989 0.4326923076923077 0.5027472527472527 0.6112637362637363
25 0
26 0
27 0
28 0
29 0
30 0
31 0
32 2 0.3557692307692308 0.4423076923076923 0.49313186813186816 0.6208791208791209
33 0
34 0
35 0
36 0
37 0
38 0
39 0
40 3 0.04532967032967033 0.05357142857142857 0.1620879120879121 0.17994505494505494 0.9491758241758241 0.9711538461538461
-
