0 5 1 0.10038663538364866 2 0.05550568523986818 4 0.09890066874116389 5 0.08808951423884158 15 0.07780499041235903 
1 14 0 0.10038663538364866 3 0.12057485781998177 8 0.07871025694480878 15 0.04515078532773797 20 0.09052994314408236 22 0.1029645876870458 25 0.0550284436702492 38 0.04844299266350496 41 0.0804445021145581 49 0.048037265185077414 50 0.06022602082157348 51 0.06691441257617547 61 0.04056797811933501 69 0.04398760336390756 
2 11 0 0.05550568523986818 4 0.09509740419054084 5 0.036930048778459894 6 0.11840035692101328 10 0.09464722082140013 11 0.05132814872943054 15 0.08649565697330912 17 0.07468690999591844 37 0.05840196947166923 55 0.04483708342259208 68 0.07898744088261132 
3 9 1 0.12057485781998177 6 0.09593775646465705 8 0.06999551372208528 16 0.07074927592145745 21 0.034682199657700426 33 0.03925856016064256 39 0.054360589534254704 45 0.020670823166529625 50 0.07367135226312846 
4 15 0 0.09890066874116389 2 0.09509740419054084 7 0.07696188973564876 9 0.07404776470528275 13 0.07421152732145321 18 0.04743866393289603 19 0.07472527061115838 22 0.09328695702805516 23 0.06257597114429637 28 0.05432518719095927 32 0.048756008703848955 37 0.04123579668789971 40 0.058336573619613315 53 0.044472407302305506 63 0.027404313230702713 
5 11 0 0.08808951423884158 2 0.036930048778459894 9 0.08630787566717411 10 0.06329953447179894 11 0.03506906919018796 12 0.06218824329062541 17 0.08536998763641968 52 0.05259966568078946 55 0.06664308318303658 60 0.035528480742752146 68 0.07885731326108354 
6 10 2 0.11840035692101328 3 0.09593775646465705 17 0.05963297087888213 20 0.06728123398656312 21 0.07595285815144386 33 0.07434514195280248 34 0.06193357059014377 39 0.05082261812612369 58 0.0344740031015572 65 0.013790178141005659 
7 11 4 0.07696188973564876 13 0.03115035457194101 14 0.05338010811868541 18 0.07690190193442097 23 0.01922542190129882 26 0.07550960567128799 31 0.036120382419268716 32 0.0427875598406261 40 0.06634041592415922 47 0.02163965194080262 48 0.031928369884041116 
8 8 1 0.07871025694480878 3 0.06999551372208528 16 0.07507990379958979 21 0.09772615397264642 33 0.06408937124612883 38 0.08610001538196016 50 0.02996447474185448 66 0.05101695196863542 
9 12 4 0.07404776470528275 5 0.08630787566717411 10 0.10402542685981185 12 0.04097794083240969 13 0.09066227348898047 18 0.06413254489940336 19 0.02868181116477031 29 0.0617980371380297 52 0.04083152690205752 54 0.05849337687048597 59 0.04551538093942933 67 0.023111270177457725 
10 4 2 0.09464722082140013 5 0.06329953447179894 9 0.10402542685981185 11 0.054867538386415414 
11 10 2 0.05132814872943054 5 0.03506906919018796 10 0.054867538386415414 12 0.03640609750345197 19 0.06708830357712978 29 0.06543007949835335 35 0.08439912669707905 52 0.03334357708186688 59 0.038330817668614854 60 0.018502732513301194 
12 10 5 0.06218824329062541 9 0.04097794083240969 11 0.03640609750345197 19 0.047945256711823696 29 0.049378288552583076 52 0.024804479036642218 56 0.07175966994001581 59 0.007087075641315845 60 0.039656046852381485 67 0.045496415712139415 
13 14 4 0.07421152732145321 7 0.03115035457194101 9 0.09066227348898047 14 0.05042940926840926 18 0.0683095341367775 23 0.022553002553055184 26 0.07643511920059627 27 0.051092743907219504 28 0.04066049905538493 31 0.03453012709243027 32 0.029565061358618736 36 0.07264394688638642 47 0.03533016155596917 62 0.05904902536062136 
14 11 7 0.05338010811868541 13 0.05042940926840926 23 0.053039093206044934 26 0.034953364203879074 27 0.006252506975367146 30 0.04777122289062011 31 0.06553999054203298 36 0.026411391472242113 44 0.0710398779255353 48 0.03279390205614147 64 0.017383365931898626 
15 14 0 0.07780499041235903 1 0.04515078532773797 2 0.08649565697330912 17 0.08799896870400616 20 0.05522228518139591 22 0.08732623142212191 24 0.06708098158846965 25 0.04939080534286895 34 0.046603772221619245 38 0.08416757169937711 41 0.08726489207461442 49 0.0067488179871063 61 0.052160016555522215 69 0.04602235527302687 
16 7 3 0.07074927592145745 8 0.07507990379958979 21 0.07497327823022829 33 0.06025663371963952 35 0.07477657602752869 45 0.06219482268119068 46 0.041248087358285966 
17 9 2 0.07468690999591844 5 0.08536998763641968 6 0.05963297087888213 15 0.08799896870400616 20 0.05467049932671033 24 0.038034484172950175 34 0.06821110058525498 55 0.038586650277617415 68 0.06462391932504151 
18 7 4 0.04743866393289603 7 0.07690190193442097 9 0.06413254489940336 13 0.0683095341367775 40 0.03654692381001309 53 0.02016066363149853 67 0.052280564996119674 
19 11 4 0.07472527061115838 9 0.02868181116477031 11 0.06708830357712978 12 0.047945256711823696 28 0.04845649946453378 29 0.05042775766238138 35 0.08418172244731936 52 0.03993717775046571 54 0.030545228774293307 56 0.06466105288332516 67 0.03802935939828054 
20 9 1 0.09052994314408236 6 0.06728123398656312 15 0.05522228518139591 17 0.05467049932671033 22 0.11225307709386707 24 0.0620856700257152 25 0.06006445068309767 34 0.023923225542970678 49 0.057114652063644196 
21 9 3 0.034682199657700426 6 0.07595285815144386 8 0.09772615397264642 16 0.07497327823022829 33 0.04509238794688556 39 0.04591060181731907 45 0.04025486754940687 58 0.04787790137294724 65 0.06427253505119279 
22 8 1 0.1029645876870458 4 0.09328695702805516 15 0.08732623142212191 20 0.11225307709386707 25 0.08698559582928185 41 0.05940214057865712 44 0.05063337457790435 57 0.06108360525339659 
23 16 4 0.06257597114429637 7 0.01922542190129882 13 0.022553002553055184 14 0.053039093206044934 26 0.08032645909467523 27 0.05615504039100362 28 0.045433014214266994 30 0.07763119136333707 31 0.044919424913664026 32 0.025558064194289572 40 0.06292760223146357 47 0.03611016030261293 48 0.039387554550920766 53 0.07199385091419438 57 0.06338802657164806 63 0.04190669306057503 
24 6 15 0.06708098158846965 17 0.038034484172950175 20 0.0620856700257152 39 0.06757926228374721 55 0.018548213842046107 68 0.06763661952324194 
25 9 1 0.0550284436702492 15 0.04939080534286895 20 0.06006445068309767 22 0.08698559582928185 34 0.0519538662991142 38 0.08571381149584237 49 0.05574051009362729 61 0.051477880012479896 69 0.014159183208578245 
26 9 7 0.07550960567128799 13 0.07643511920059627 14 0.034953364203879074 23 0.08032645909467523 27 0.034583320407073424 30 0.060944153928264196 36 0.02208937136108288 42 0.07198844794618398 64 0.026852564016655468 
27 9 13 0.051092743907219504 14 0.006252506975367146 23 0.05615504039100362 26 0.034583320407073424 30 0.050852394864211635 36 0.024967556309216148 43 0.04916086806532726 48 0.03601677294996698 64 0.018551946728981503 
28 8 4 0.05432518719095927 13 0.04066049905538493 19 0.04845649946453378 23 0.045433014214266994 32 0.021231396169281307 54 0.04833754773431419 62 0.0677936031411956 63 0.04357812581609985 
29 8 9 0.0617980371380297 11 0.06543007949835335 12 0.049378288552583076 19 0.05042775766238138 35 0.05904499690681671 54 0.05030074918190135 56 0.02964043955622754 59 0.04915359482488389 
30 12 14 0.04777122289062011 23 0.07763119136333707 26 0.060944153928264196 27 0.050852394864211635 36 0.04503250227123241 38 0.09537999968592668 41 0.04749360274928726 42 0.04536745234002936 44 0.047113212235431336 51 0.06564818802298147 57 0.05003374279549861 64 0.050284608573391516 
31 6 7 0.036120382419268716 13 0.03453012709243027 14 0.06553999054203298 23 0.044919424913664026 47 0.01908828616461855 62 0.061929105682724035 
32 10 4 0.048756008703848955 7 0.0427875598406261 13 0.029565061358618736 23 0.025558064194289572 28 0.021231396169281307 40 0.0679711900305998 44 0.07001848881491662 47 0.0576993578744244 53 0.06907070765457278 63 0.0310781599966474 
33 10 3 0.03925856016064256 6 0.07434514195280248 8 0.06408937124612883 16 0.06025663371963952 21 0.04509238794688556 39 0.023981719119112732 45 0.0485021381286137 50 0.06476475806911836 58 0.05280739787434151 65 0.06410344146305305 
34 8 6 0.06193357059014377 15 0.046603772221619245 17 0.06821110058525498 20 0.023923225542970678 25 0.0519538662991142 49 0.04877394377656142 65 0.06679562711583484 69 0.05461168519194362 
35 5 11 0.08439912669707905 16 0.07477657602752869 19 0.08418172244731936 29 0.05904499690681671 56 0.041901311253918126 
36 7 13 0.07264394688638642 14 0.026411391472242113 26 0.02208937136108288 27 0.024967556309216148 30 0.04503250227123241 42 0.057417681497918545 64 0.023249402788772845 
37 3 2 0.05840196947166923 4 0.04123579668789971 63 0.046542314389966075 
38 10 1 0.04844299266350496 8 0.08610001538196016 15 0.08416757169937711 25 0.08571381149584237 30 0.09537999968592668 41 0.0762647909483074 42 0.06972098911348726 50 0.07316135123539987 51 0.0337230999081222 66 0.07220089587617486 
39 8 3 0.054360589534254704 6 0.05082261812612369 21 0.04591060181731907 24 0.06757926228374721 33 0.023981719119112732 45 0.06297419038138435 58 0.03180680186077685 65 0.041598499837419936 
40 6 4 0.058336573619613315 7 0.06634041592415922 18 0.03654692381001309 23 0.06292760223146357 32 0.0679711900305998 53 0.03161431275700615 
41 10 1 0.0804445021145581 15 0.08726489207461442 22 0.05940214057865712 30 0.04749360274928726 38 0.0762647909483074 42 0.06760206488368478 44 0.04198859424854655 51 0.05648801250077608 57 0.050496372488343606 61 0.05120890512500782 
42 7 26 0.07198844794618398 30 0.04536745234002936 36 0.057417681497918545 38 0.06972098911348726 41 0.06760206488368478 51 0.04099104712290641 66 0.04519592897899054 
43 2 27 0.04916086806532726 66 0.06763856634071985 
44 6 14 0.0710398779255353 22 0.05063337457790435 30 0.047113212235431336 32 0.07001848881491662 41 0.04198859424854655 57 0.017709960674938904 
45 5 3 0.020670823166529625 16 0.06219482268119068 21 0.04025486754940687 33 0.0485021381286137 39 0.06297419038138435 
46 2 16 0.041248087358285966 68 0.07743408937513552 
47 6 7 0.02163965194080262 13 0.03533016155596917 23 0.03611016030261293 31 0.01908828616461855 32 0.0576993578744244 48 0.03507247686000958 
48 6 7 0.031928369884041116 14 0.03279390205614147 23 0.039387554550920766 27 0.03601677294996698 47 0.03507247686000958 64 0.027713067206270134 
49 7 1 0.048037265185077414 15 0.0067488179871063 20 0.057114652063644196 25 0.05574051009362729 34 0.04877394377656142 61 0.05687616150410083 69 0.05254074805015142 
50 6 1 0.06022602082157348 3 0.07367135226312846 8 0.02996447474185448 33 0.06476475806911836 38 0.07316135123539987 66 0.0674107405752884 
51 6 1 0.06691441257617547 30 0.06564818802298147 38 0.0337230999081222 41 0.05648801250077608 42 0.04099104712290641 66 0.06128036179783323 
52 9 5 0.05259966568078946 9 0.04083152690205752 11 0.03334357708186688 12 0.024804479036642218 19 0.03993717775046571 54 0.06128960615465487 59 0.03159453883941256 60 0.02578103925447835 67 0.052326472515275044 
53 5 4 0.044472407302305506 18 0.02016066363149853 23 0.07199385091419438 32 0.06907070765457278 40 0.03161431275700615 
54 8 9 0.05849337687048597 19 0.030545228774293307 28 0.04833754773431419 29 0.05030074918190135 52 0.06128960615465487 56 0.057746420767313 62 0.06756131087942834 70 0.041815074120234254 
55 6 2 0.04483708342259208 5 0.06664308318303658 17 0.038586650277617415 24 0.018548213842046107 58 0.06583154886674542 68 0.05634619678273506 
56 5 12 0.07175966994001581 19 0.06466105288332516 29 0.02964043955622754 35 0.041901311253918126 54 0.057746420767313 
57 5 22 0.06108360525339659 23 0.06338802657164806 30 0.05003374279549861 41 0.050496372488343606 44 0.017709960674938904 
58 6 6 0.0344740031015572 21 0.04787790137294724 33 0.05280739787434151 39 0.03180680186077685 55 0.06583154886674542 65 0.02773341065421888 
59 6 9 0.04551538093942933 11 0.038330817668614854 12 0.007087075641315845 29 0.04915359482488389 52 0.03159453883941256 67 0.04795815337205269 
60 4 5 0.035528480742752146 11 0.018502732513301194 12 0.039656046852381485 52 0.02578103925447835 
61 6 1 0.04056797811933501 15 0.052160016555522215 25 0.051477880012479896 41 0.05120890512500782 49 0.05687616150410083 69 0.04262897210188114 
62 5 13 0.05904902536062136 28 0.0677936031411956 31 0.061929105682724035 54 0.06756131087942834 70 0.04141145420988774 
63 5 4 0.027404313230702713 23 0.04190669306057503 28 0.04357812581609985 32 0.0310781599966474 37 0.046542314389966075 
64 6 14 0.017383365931898626 26 0.026852564016655468 27 0.018551946728981503 30 0.050284608573391516 36 0.023249402788772845 48 0.027713067206270134 
65 6 6 0.013790178141005659 21 0.06427253505119279 33 0.06410344146305305 34 0.06679562711583484 39 0.041598499837419936 58 0.02773341065421888 
66 6 8 0.05101695196863542 38 0.07220089587617486 42 0.04519592897899054 43 0.06763856634071985 50 0.0674107405752884 51 0.06128036179783323 
67 6 9 0.023111270177457725 12 0.045496415712139415 18 0.052280564996119674 19 0.03802935939828054 52 0.052326472515275044 59 0.04795815337205269 
68 6 2 0.07898744088261132 5 0.07885731326108354 17 0.06462391932504151 24 0.06763661952324194 46 0.07743408937513552 55 0.05634619678273506 
69 6 1 0.04398760336390756 15 0.04602235527302687 25 0.014159183208578245 34 0.05461168519194362 49 0.05254074805015142 61 0.04262897210188114 
70 2 54 0.041815074120234254 62 0.04141145420988774 
-
0 0
1 0
2 0
3 0
4 2 0.37637362637362637 0.41895604395604397 0.5164835164835165 0.5975274725274725
5 1 0.7005494505494505 0.7101648351648352
6 0
7 0
8 3 0.046703296703296704 0.06043956043956044 0.14697802197802198 0.1936813186813187 0.9244505494505495 0.989010989010989
9 0
10 0
11 0
12 0
13 0
14 0
15 0
16 0
17 0
18 3 0.3447802197802198 0.45054945054945056 0.4848901098901099 0.6291208791208791 0.6620879120879121 0.6675824175824175
19 0
20 0
21 4 0.3585164835164835 0.3626373626373626 0.43543956043956045 0.4381868131868132 0.49725274725274726 0.5 0.614010989010989 0.6167582417582418
22 0
23 2 0.33791208791208793 0.4642857142857143 0.47115384615384615 0.6428571428571429
24 2 0.364010989010989 0.4326923076923077 0.5027472527472527 0.6112637362637363
25 0
26 0
27 0
28 0
29 0
30 0
31 0
32 2 0.3557692307692308 0.4423076923076923 0.49313186813186816 0.6208791208791209
33 0
34 0
35 0
36 0
37 0
38 0
39 0
40 3 0.04532967032967033 0.05357142857142857 0.1620879120879121 0.17994505494505494 0.9491758241758241 0.9711538461538461
41 0
42 0
43 0
44 0
45 0
46 0
47 0
48 2 0.3557692307692308 0.4423076923076923 0.49313186813186816 0.6208791208791209
49 0
50 0
51 0
52 0
53 0
54 0
55 0
56 0
57 0
58 0
59 0
60 0
61 0
62 0
63 0
64 2 0.34615384615384615 0.4532967032967033 0.48214285714285715 0.6318681318681318
65 0
66 3 0.04532967032967033 0.0989010989010989 0.14285714285714285 0.20604395604395603 0.9189560439560439 0.9931318681318682
67 0
68 0
69 0
70 0
-
