0 6 1 0.10038663538364866 2 0.05550568523986818 4 0.09890066874116389 5 0.08808951423884158 15 0.07780499041235903 163 0.02497153633921748 
1 22 0 0.10038663538364866 3 0.12057485781998177 8 0.07871025694480878 15 0.04515078532773797 20 0.09052994314408236 22 0.1029645876870458 25 0.0550284436702492 38 0.04844299266350496 41 0.0804445021145581 49 0.048037265185077414 50 0.06022602082157348 51 0.06691441257617547 61 0.04056797811933501 69 0.04398760336390756 74 0.038968258207117266 84 0.034242356039720694 95 0.056506454030681046 97 0.04807628729027146 119 0.042643283151702724 131 0.0417475819083645 190 0.022551814397151326 191 0.03102855267022381 
2 14 0 0.05550568523986818 4 0.09509740419054084 5 0.036930048778459894 6 0.11840035692101328 10 0.09464722082140013 11 0.05132814872943054 15 0.08649565697330912 17 0.07468690999591844 37 0.05840196947166923 55 0.04483708342259208 68 0.07898744088261132 76 0.041263312849654024 105 0.036907548705177685 172 0.04391930665829799 
3 16 1 0.12057485781998177 6 0.09593775646465705 8 0.06999551372208528 16 0.07074927592145745 21 0.034682199657700426 33 0.03925856016064256 39 0.054360589534254704 45 0.020670823166529625 50 0.07367135226312846 73 0.05332614287309714 93 0.04299269157715523 115 0.030041499668424936 139 0.04725012067600526 145 0.037820596312039996 169 0.032234227610683834 201 0.039889508276911394 
4 25 0 0.09890066874116389 2 0.09509740419054084 7 0.07696188973564876 9 0.07404776470528275 13 0.07421152732145321 18 0.04743866393289603 19 0.07472527061115838 22 0.09328695702805516 23 0.06257597114429637 28 0.05432518719095927 32 0.048756008703848955 37 0.04123579668789971 40 0.058336573619613315 53 0.044472407302305506 63 0.027404313230702713 85 0.048733241811512173 88 0.018069600590219483 89 0.056525532271569354 90 0.025547397214582292 144 0.012086407421093284 155 0.028156379310863937 158 0.03230970500216011 178 0.02237160232893302 183 0.037451674543167376 187 0.03856580291844128 
5 19 0 0.08808951423884158 2 0.036930048778459894 9 0.08630787566717411 10 0.06329953447179894 11 0.03506906919018796 12 0.06218824329062541 17 0.08536998763641968 52 0.05259966568078946 55 0.06664308318303658 60 0.035528480742752146 68 0.07885731326108354 71 0.03861042872460487 76 0.0324429107075762 80 0.07067395369591115 104 0.03671377786346659 105 0.03597979583855631 121 0.03973191829618547 129 0.0370610206303543 165 0.013662199116519853 
6 16 2 0.11840035692101328 3 0.09593775646465705 17 0.05963297087888213 20 0.06728123398656312 21 0.07595285815144386 33 0.07434514195280248 34 0.06193357059014377 39 0.05082261812612369 58 0.0344740031015572 65 0.013790178141005659 96 0.04346531751777205 114 0.0391624928289743 125 0.0471360711660694 130 0.046159374595010426 133 0.032025839871991806 186 0.055054675413380286 
7 21 4 0.07696188973564876 13 0.03115035457194101 14 0.05338010811868541 18 0.07690190193442097 23 0.01922542190129882 26 0.07550960567128799 31 0.036120382419268716 32 0.0427875598406261 40 0.06634041592415922 47 0.02163965194080262 48 0.031928369884041116 81 0.024612953172143782 85 0.048028562509562285 87 0.03134465127080526 94 0.02418083786955506 112 0.028974903852716172 122 0.023177061533138008 124 0.028659376394552023 170 0.029415112738437596 184 0.022761141556657673 208 0.04024834004275745 
8 11 1 0.07871025694480878 3 0.06999551372208528 16 0.07507990379958979 21 0.09772615397264642 33 0.06408937124612883 38 0.08610001538196016 50 0.02996447474185448 66 0.05101695196863542 95 0.05880044412773793 110 0.03925027352861204 142 0.04216249082020282 
9 14 4 0.07404776470528275 5 0.08630787566717411 10 0.10402542685981185 12 0.04097794083240969 13 0.09066227348898047 18 0.06413254489940336 19 0.02868181116477031 29 0.0617980371380297 52 0.04083152690205752 54 0.05849337687048597 59 0.04551538093942933 67 0.023111270177457725 91 0.03508777856465058 181 0.04376540978314906 
10 7 2 0.09464722082140013 5 0.06329953447179894 9 0.10402542685981185 11 0.054867538386415414 80 0.0629664469717295 121 0.03501227961693712 205 0.02605717615570151 
11 24 2 0.05132814872943054 5 0.03506906919018796 10 0.054867538386415414 12 0.03640609750345197 19 0.06708830357712978 29 0.06543007949835335 35 0.08439912669707905 52 0.03334357708186688 59 0.038330817668614854 60 0.018502732513301194 71 0.02470261779269933 76 0.04072206126259224 77 0.060771030517460155 104 0.02799512101220936 121 0.045242655523867144 129 0.025097884098983465 137 0.04548018040923539 138 0.033206164378540313 160 0.028031122088118268 162 0.02179287395801349 165 0.044001325316569244 179 0.03916341505289435 199 0.010702750247565613 205 0.040855920840103276 
12 20 5 0.06218824329062541 9 0.04097794083240969 11 0.03640609750345197 19 0.047945256711823696 29 0.049378288552583076 52 0.024804479036642218 56 0.07175966994001581 59 0.007087075641315845 60 0.039656046852381485 67 0.045496415712139415 71 0.05413972610472656 91 0.0422531483076101 104 0.03158286864075877 129 0.03705406776021843 138 0.02319771118400386 160 0.03751852171212688 162 0.02674379797706257 181 0.04563115411511366 199 0.031073333241193244 204 0.037855376959805655 
13 22 4 0.07421152732145321 7 0.03115035457194101 9 0.09066227348898047 14 0.05042940926840926 18 0.0683095341367775 23 0.022553002553055184 26 0.07643511920059627 27 0.051092743907219504 28 0.04066049905538493 31 0.03453012709243027 32 0.029565061358618736 36 0.07264394688638642 47 0.03533016155596917 62 0.05904902536062136 87 0.018219682009974578 100 0.04361546200175605 112 0.031900628669588524 122 0.02896315210536146 146 0.031399648690079926 170 0.028038267006014878 193 0.043349575588661246 208 0.04049988759102167 
14 16 7 0.05338010811868541 13 0.05042940926840926 23 0.053039093206044934 26 0.034953364203879074 27 0.006252506975367146 30 0.04777122289062011 31 0.06553999054203298 36 0.026411391472242113 44 0.0710398779255353 48 0.03279390205614147 64 0.017383365931898626 102 0.05556317202178845 124 0.03470786047960976 159 0.019608495945839525 164 0.037413447187051946 193 0.0432395359739426 
15 21 0 0.07780499041235903 1 0.04515078532773797 2 0.08649565697330912 17 0.08799896870400616 20 0.05522228518139591 22 0.08732623142212191 24 0.06708098158846965 25 0.04939080534286895 34 0.046603772221619245 38 0.08416757169937711 41 0.08726489207461442 49 0.0067488179871063 61 0.052160016555522215 69 0.04602235527302687 97 0.04127731036408209 113 0.04277538744626287 116 0.03598659313533291 119 0.03219121122869967 151 0.042103118521954995 171 0.03299897549012097 191 0.02458028544451483 
16 20 3 0.07074927592145745 8 0.07507990379958979 21 0.07497327823022829 33 0.06025663371963952 35 0.07477657602752869 45 0.06219482268119068 46 0.041248087358285966 75 0.09096088989477079 82 0.054822966484373875 93 0.05307404388190044 98 0.020769541774415368 106 0.04397588806936118 110 0.0382387478400376 128 0.039326327219905824 143 0.05927807879317464 149 0.038289570133189 166 0.058124002009744616 173 0.05006614843848781 175 0.022655376678684353 192 0.026434741248394865 
17 16 2 0.07468690999591844 5 0.08536998763641968 6 0.05963297087888213 15 0.08799896870400616 20 0.05467049932671033 24 0.038034484172950175 34 0.06821110058525498 55 0.038586650277617415 68 0.06462391932504151 83 0.062113365787377965 92 0.05112043112307279 114 0.03908176027524428 118 0.06337623809653987 133 0.029485725301101946 186 0.07844493453516074 202 0.0338695928732315 
18 16 4 0.04743866393289603 7 0.07690190193442097 9 0.06413254489940336 13 0.0683095341367775 40 0.03654692381001309 53 0.02016066363149853 67 0.052280564996119674 88 0.04669932998421826 89 0.06629708153156509 100 0.03232792252728293 117 0.04737922143237974 144 0.04130349025695296 155 0.04744703066685328 168 0.041423916363650254 187 0.02439476840584099 209 0.023302841625902095 
19 16 4 0.07472527061115838 9 0.02868181116477031 11 0.06708830357712978 12 0.047945256711823696 28 0.04845649946453378 29 0.05042775766238138 35 0.08418172244731936 52 0.03993717775046571 54 0.030545228774293307 56 0.06466105288332516 67 0.03802935939828054 91 0.0337935824408462 108 0.0476159447265998 109 0.04528859601391169 135 0.03494396537453489 152 0.04044839888495541 
20 10 1 0.09052994314408236 6 0.06728123398656312 15 0.05522228518139591 17 0.05467049932671033 22 0.11225307709386707 24 0.0620856700257152 25 0.06006445068309767 34 0.023923225542970678 49 0.057114652063644196 125 0.037558832042352906 
21 17 3 0.034682199657700426 6 0.07595285815144386 8 0.09772615397264642 16 0.07497327823022829 33 0.04509238794688556 39 0.04591060181731907 45 0.04025486754940687 58 0.04787790137294724 65 0.06427253505119279 73 0.05050504849376606 93 0.05087726237317584 96 0.03514913184421782 115 0.01668987793476812 139 0.02753157750514028 145 0.04006526810638128 177 0.03341263667751316 201 0.027705854305591096 
22 16 1 0.1029645876870458 4 0.09328695702805516 15 0.08732623142212191 20 0.11225307709386707 25 0.08698559582928185 41 0.05940214057865712 44 0.05063337457790435 57 0.06108360525339659 72 0.034289169172833985 103 0.049887581902391294 111 0.0357419639561512 126 0.0542084430591927 148 0.026080697322382614 156 0.041983302372821316 182 0.03634116411421188 195 0.03709698160278917 
23 27 4 0.06257597114429637 7 0.01922542190129882 13 0.022553002553055184 14 0.053039093206044934 26 0.08032645909467523 27 0.05615504039100362 28 0.045433014214266994 30 0.07763119136333707 31 0.044919424913664026 32 0.025558064194289572 40 0.06292760223146357 47 0.03611016030261293 48 0.039387554550920766 53 0.07199385091419438 57 0.06338802657164806 63 0.04190669306057503 81 0.02985155775610615 85 0.04280115989340501 87 0.030462490784486197 90 0.03925785613822245 94 0.026787194569524827 100 0.04749996216204291 112 0.015794664838755645 124 0.028217365013260724 170 0.01586101842152331 184 0.02415175089800659 208 0.042928786767622636 
24 13 15 0.06708098158846965 17 0.038034484172950175 20 0.0620856700257152 39 0.06757926228374721 55 0.018548213842046107 68 0.06763661952324194 79 0.031809870028935976 83 0.06468950053318165 92 0.024017913500099877 114 0.03789389781575622 172 0.032169811929889686 185 0.02460717402164699 202 0.03551780510288485 
25 11 1 0.0550284436702492 15 0.04939080534286895 20 0.06006445068309767 22 0.08698559582928185 34 0.0519538662991142 38 0.08571381149584237 49 0.05574051009362729 61 0.051477880012479896 69 0.014159183208578245 119 0.023429173583361742 151 0.043679415512944464 
26 13 7 0.07550960567128799 13 0.07643511920059627 14 0.034953364203879074 23 0.08032645909467523 27 0.034583320407073424 30 0.060944153928264196 36 0.02208937136108288 42 0.07198844794618398 64 0.026852564016655468 78 0.04974815928945677 101 0.033135807742492675 102 0.02294143520429955 154 0.036302253148703396 
27 14 13 0.051092743907219504 14 0.006252506975367146 23 0.05615504039100362 26 0.034583320407073424 30 0.050852394864211635 36 0.024967556309216148 43 0.04916086806532726 48 0.03601677294996698 64 0.018551946728981503 78 0.06615359442369385 102 0.054872254127644265 159 0.025186032875303632 164 0.04171229029893879 193 0.03934977713904729 
28 11 4 0.05432518719095927 13 0.04066049905538493 19 0.04845649946453378 23 0.045433014214266994 32 0.021231396169281307 54 0.04833754773431419 62 0.0677936031411956 63 0.04357812581609985 88 0.040427594837046964 136 0.03205145660702892 203 0.01953599315480972 
29 15 9 0.0617980371380297 11 0.06543007949835335 12 0.049378288552583076 19 0.05042775766238138 35 0.05904499690681671 54 0.05030074918190135 56 0.02964043955622754 59 0.04915359482488389 75 0.07344962375858587 91 0.03282886722540109 108 0.04864254618877527 135 0.03478797068210138 138 0.035285005167540406 152 0.037679048437233964 161 0.013991011494342388 
30 18 14 0.04777122289062011 23 0.07763119136333707 26 0.060944153928264196 27 0.050852394864211635 36 0.04503250227123241 38 0.09537999968592668 41 0.04749360274928726 42 0.04536745234002936 44 0.047113212235431336 51 0.06564818802298147 57 0.05003374279549861 64 0.050284608573391516 78 0.06516638755718972 107 0.048331483097244284 159 0.03698290973757133 164 0.03387535239822581 167 0.030183122714340562 176 0.0337612135180289 
31 10 7 0.036120382419268716 13 0.03453012709243027 14 0.06553999054203298 23 0.044919424913664026 47 0.01908828616461855 62 0.061929105682724035 87 0.03393480705158401 122 0.020578453938525115 146 0.029020648168544157 208 0.033848369259753645 
32 19 4 0.048756008703848955 7 0.0427875598406261 13 0.029565061358618736 23 0.025558064194289572 28 0.021231396169281307 40 0.0679711900305998 44 0.07001848881491662 47 0.0576993578744244 53 0.06907070765457278 63 0.0310781599966474 81 0.04725260565290011 88 0.04092157103115847 90 0.03277351975191495 100 0.04909983253292446 112 0.023136447954525876 136 0.03280417233734897 170 0.015817468232336457 178 0.036759807797189396 203 0.024515965245056726 
33 20 3 0.03925856016064256 6 0.07434514195280248 8 0.06408937124612883 16 0.06025663371963952 21 0.04509238794688556 39 0.023981719119112732 45 0.0485021381286137 50 0.06476475806911836 58 0.05280739787434151 65 0.06410344146305305 73 0.01797755576394548 93 0.0649413094219257 95 0.04489226714225672 110 0.04479072273795681 115 0.04733996396395283 128 0.028156456660847193 145 0.026473681752228424 169 0.035914223720463184 177 0.035499159255696904 180 0.02844356090314791 
34 11 6 0.06193357059014377 15 0.046603772221619245 17 0.06821110058525498 20 0.023923225542970678 25 0.0519538662991142 49 0.04877394377656142 65 0.06679562711583484 69 0.05461168519194362 97 0.04788140052295544 125 0.019035352120444153 171 0.03776176725829106 
35 15 11 0.08439912669707905 16 0.07477657602752869 19 0.08418172244731936 29 0.05904499690681671 56 0.041901311253918126 75 0.035887049054131606 77 0.05281464587256264 82 0.059185983707661545 106 0.06120471549438999 108 0.04689142253130893 143 0.03265949654422777 166 0.03292962799108061 173 0.049386914558144486 189 0.030691079711614645 206 0.024487947231679328 
36 12 13 0.07264394688638642 14 0.026411391472242113 26 0.02208937136108288 27 0.024967556309216148 30 0.04503250227123241 42 0.057417681497918545 64 0.023249402788772845 78 0.043853427909967484 101 0.05119881799471401 102 0.04407625437274709 154 0.03712503267066742 159 0.03559949127679932 
37 10 2 0.05840196947166923 4 0.04123579668789971 63 0.046542314389966075 88 0.028503382796335134 105 0.02862544247386402 126 0.050474478503171064 144 0.039725163287311675 155 0.05220562965726559 163 0.0501614147151831 178 0.038397915870999534 
38 15 1 0.04844299266350496 8 0.08610001538196016 15 0.08416757169937711 25 0.08571381149584237 30 0.09537999968592668 41 0.0762647909483074 42 0.06972098911348726 50 0.07316135123539987 51 0.0337230999081222 66 0.07220089587617486 74 0.05013257114822071 84 0.023350963093826865 99 0.04752909246634463 131 0.018521072309328573 190 0.04394195696467075 
39 22 3 0.054360589534254704 6 0.05082261812612369 21 0.04591060181731907 24 0.06757926228374721 33 0.023981719119112732 45 0.06297419038138435 58 0.03180680186077685 65 0.041598499837419936 73 0.017933188635355774 79 0.04982017059750466 95 0.05254308250249169 96 0.0319998484554904 128 0.03555098051938135 130 0.05867232261238867 132 0.04380845960054302 134 0.02489692698676309 145 0.026277898746027168 150 0.03279300219828244 169 0.047251272280466106 177 0.031728353432248564 180 0.03996650736962484 194 0.025607480018502046 
40 11 4 0.058336573619613315 7 0.06634041592415922 18 0.03654692381001309 23 0.06292760223146357 32 0.0679711900305998 53 0.03161431275700615 89 0.058643730195083205 100 0.04198330500456726 117 0.03889263529425835 168 0.01976188310942912 209 0.031248043387015253 
41 17 1 0.0804445021145581 15 0.08726489207461442 22 0.05940214057865712 30 0.04749360274928726 38 0.0762647909483074 42 0.06760206488368478 44 0.04198859424854655 51 0.05648801250077608 57 0.050496372488343606 61 0.05120890512500782 72 0.06560280561111952 74 0.0521063402355251 107 0.029685437917524694 113 0.05612369414502348 167 0.03940462849152535 176 0.014500304586163191 207 0.02197512122299652 
42 16 26 0.07198844794618398 30 0.04536745234002936 36 0.057417681497918545 38 0.06972098911348726 41 0.06760206488368478 51 0.04099104712290641 66 0.04519592897899054 74 0.057771389078684905 78 0.04042349645158611 99 0.04964379025455674 123 0.031402419504109956 140 0.04352697254994785 147 0.03728171242191691 154 0.04980864824933962 157 0.03713139475619203 167 0.04346378391078035 
43 2 27 0.04916086806532726 66 0.06763856634071985 
44 15 14 0.0710398779255353 22 0.05063337457790435 30 0.047113212235431336 32 0.07001848881491662 41 0.04198859424854655 57 0.017709960674938904 72 0.06103390696830072 103 0.0270826361841166 107 0.05277143487765657 111 0.06703178077352281 120 0.04732463299518149 156 0.023031384753850758 167 0.0423044638905013 176 0.035899011181494994 207 0.02939552950473534 
45 12 3 0.020670823166529625 16 0.06219482268119068 21 0.04025486754940687 33 0.0485021381286137 39 0.06297419038138435 93 0.027163675401161175 98 0.06393876363229306 110 0.050973034567942575 115 0.0272267678466681 139 0.0416532364460301 169 0.03677468619059915 201 0.03918701696702132 
46 11 16 0.041248087358285966 68 0.07743408937513552 77 0.0630107039648182 82 0.04517240956480034 83 0.062992669473878 98 0.05201058190082066 106 0.04722728999690757 141 0.04367049406290842 149 0.021141572188450017 192 0.027014715401479157 198 0.01995541807761656 
47 12 7 0.02163965194080262 13 0.03533016155596917 23 0.03611016030261293 31 0.01908828616461855 32 0.0576993578744244 48 0.03507247686000958 81 0.04460757854441199 87 0.031890918992244464 94 0.043161440933597944 122 0.010704501265605619 146 0.043788121317161914 208 0.0321333668792101 
48 12 7 0.031928369884041116 14 0.03279390205614147 23 0.039387554550920766 27 0.03601677294996698 47 0.03507247686000958 64 0.027713067206270134 81 0.0398403316392339 87 0.024427477138105905 122 0.03216006853507324 124 0.024192114634783744 159 0.03211019714518619 193 0.0448556851281615 
49 16 1 0.048037265185077414 15 0.0067488179871063 20 0.057114652063644196 25 0.05574051009362729 34 0.04877394377656142 61 0.05687616150410083 69 0.05254074805015142 79 0.05434150016964638 92 0.05445886097404481 97 0.0402481159316456 113 0.042623188038334564 116 0.035704975384638224 119 0.038683307672482375 171 0.032215759847570434 172 0.0434738608482662 191 0.02462025520955969 
50 10 1 0.06022602082157348 3 0.07367135226312846 8 0.02996447474185448 33 0.06476475806911836 38 0.07316135123539987 66 0.0674107405752884 84 0.05351529411754673 95 0.041023056654380996 142 0.047349323470745046 190 0.0404600416236777 
51 15 1 0.06691441257617547 30 0.06564818802298147 38 0.0337230999081222 41 0.05648801250077608 42 0.04099104712290641 66 0.06128036179783323 74 0.04587907811910195 84 0.04460051733081235 99 0.04568673458799765 107 0.048219711254028005 123 0.040445986014332816 131 0.03565027810909218 140 0.03872802243904428 147 0.04814114301374225 167 0.04597472747210753 
52 18 5 0.05259966568078946 9 0.04083152690205752 11 0.03334357708186688 12 0.024804479036642218 19 0.03993717775046571 54 0.06128960615465487 59 0.03159453883941256 60 0.02578103925447835 67 0.052326472515275044 71 0.04369919880275723 104 0.019922620990115363 105 0.04747347418207158 129 0.029400839139339052 138 0.034974250499537354 160 0.018203339864845607 162 0.02508294449164345 179 0.03729447083833187 181 0.04835406311848788 
53 13 4 0.044472407302305506 18 0.02016066363149853 23 0.07199385091419438 32 0.06907070765457278 40 0.03161431275700615 89 0.04890613478540421 100 0.04789519494304091 117 0.03361257025130095 144 0.03925407118742782 155 0.04055122523823593 168 0.028666568249934243 187 0.03836312143745514 209 0.030156051080996157 
54 15 9 0.05849337687048597 19 0.030545228774293307 28 0.04833754773431419 29 0.05030074918190135 52 0.06128960615465487 56 0.057746420767313 62 0.06756131087942834 70 0.041815074120234254 75 0.08112218464323638 108 0.025436754084196385 109 0.03161436915962069 135 0.025682103028792456 152 0.03200452923165696 153 0.04058260622054333 174 0.04695653960671349 
55 12 2 0.04483708342259208 5 0.06664308318303658 17 0.038586650277617415 24 0.018548213842046107 58 0.06583154886674542 68 0.05634619678273506 83 0.05765086506988849 92 0.03949532484485964 114 0.0432032227285211 172 0.04374776715323131 185 0.03562890904841797 202 0.03055071627270619 
56 13 12 0.07175966994001581 19 0.06466105288332516 29 0.02964043955622754 35 0.041901311253918126 54 0.057746420767313 75 0.047394212155888134 91 0.0456089477699656 108 0.04470766166891334 135 0.047409208445430104 143 0.0654404472451215 153 0.048264451499786434 161 0.026867069377135813 189 0.048418209880669784 
57 15 22 0.06108360525339659 23 0.06338802657164806 30 0.05003374279549861 41 0.050496372488343606 44 0.017709960674938904 72 0.06941352109586685 81 0.043799123729926455 85 0.0492969379679595 103 0.022625313043190057 111 0.07690775242973667 127 0.03866307238570437 156 0.03684042263660627 164 0.042006784448864555 176 0.04459684302980334 207 0.042027607894376214 
58 17 6 0.0344740031015572 21 0.04787790137294724 33 0.05280739787434151 39 0.03180680186077685 55 0.06583154886674542 65 0.02773341065421888 73 0.04398045031617895 83 0.0507604134555848 96 0.02241377565522267 114 0.04256778867958576 130 0.02979061901336542 132 0.02464425045345905 133 0.048219410326586935 134 0.025419017687538598 186 0.07282067396790493 194 0.03405250849338936 197 0.03709504973671742 
59 12 9 0.04551538093942933 11 0.038330817668614854 12 0.007087075641315845 29 0.04915359482488389 52 0.03159453883941256 67 0.04795815337205269 91 0.04456363779172418 104 0.036832419781208985 138 0.022152578870058403 162 0.030272424494530777 204 0.040036241831856036 205 0.044520334393734734 
60 16 5 0.035528480742752146 11 0.018502732513301194 12 0.039656046852381485 52 0.02578103925447835 71 0.029730083761005388 76 0.04624111385367962 77 0.060662982144233636 104 0.02539996301995579 105 0.03790479142572082 129 0.01666301032000027 138 0.03832234274369602 160 0.021320072372976485 162 0.020688487287183626 165 0.04235467344507694 179 0.023812609110452996 199 0.025181294095096226 
61 15 1 0.04056797811933501 15 0.052160016555522215 25 0.051477880012479896 41 0.05120890512500782 49 0.05687616150410083 69 0.04262897210188114 74 0.041351397521694075 84 0.05993167483943534 107 0.04100914232173278 113 0.04943533003282277 116 0.05559566203319244 119 0.03396000757653707 131 0.050561205725967034 151 0.019111204386686707 182 0.05292175552145883 
62 8 13 0.05904902536062136 28 0.0677936031411956 31 0.061929105682724035 54 0.06756131087942834 70 0.04141145420988774 109 0.03954855339006547 146 0.03868796062659307 153 0.05081803748102346 
63 16 4 0.027404313230702713 23 0.04190669306057503 28 0.04357812581609985 32 0.0310781599966474 37 0.046542314389966075 85 0.03287516688783121 88 0.029711988230924084 89 0.06321442084279226 90 0.019779317406601344 103 0.04595044569742533 136 0.030312850757299867 144 0.03339247445993525 158 0.02601799718682488 178 0.02577926487509281 183 0.037085898999767115 203 0.04235813788790213 
64 12 14 0.017383365931898626 26 0.026852564016655468 27 0.018551946728981503 30 0.050284608573391516 36 0.023249402788772845 48 0.027713067206270134 78 0.06633604687620907 101 0.057381816134471735 102 0.04681699350242347 159 0.023405207919554832 164 0.03910292981967325 193 0.043251176039250314 
65 14 6 0.013790178141005659 21 0.06427253505119279 33 0.06410344146305305 34 0.06679562711583484 39 0.041598499837419936 58 0.02773341065421888 96 0.030956642904234284 114 0.04310234011542141 125 0.04981158328965601 130 0.0459499058990085 133 0.04350179245594511 134 0.03912685811141731 186 0.0629886832893438 194 0.031382984467572254 
66 10 8 0.05101695196863542 38 0.07220089587617486 42 0.04519592897899054 43 0.06763856634071985 50 0.0674107405752884 51 0.06128036179783323 99 0.02703847074254168 123 0.02715476268271704 142 0.029161592192949455 147 0.052855163053879536 
67 8 9 0.023111270177457725 12 0.045496415712139415 18 0.052280564996119674 19 0.03802935939828054 52 0.052326472515275044 59 0.04795815337205269 181 0.03768008486939521 187 0.036766553695710635 
68 15 2 0.07898744088261132 5 0.07885731326108354 17 0.06462391932504151 24 0.06763661952324194 46 0.07743408937513552 55 0.05634619678273506 76 0.04735742885006022 80 0.04104343762111902 82 0.06944798606165377 83 0.03900168550031213 86 0.03126196921468574 118 0.02377050199125712 137 0.03445336159697715 141 0.05750144284871254 202 0.03593882110157415 
69 8 1 0.04398760336390756 15 0.04602235527302687 25 0.014159183208578245 34 0.05461168519194362 49 0.05254074805015142 61 0.04262897210188114 119 0.019899771894865366 151 0.03692556071480172 
70 7 54 0.041815074120234254 62 0.04141145420988774 75 0.08749907328291322 108 0.049551254870735875 109 0.03031247400336569 153 0.03772319766443514 174 0.02878757651868915 
71 14 5 0.03861042872460487 11 0.02470261779269933 12 0.05413972610472656 52 0.04369919880275723 60 0.029730083761005388 76 0.0319355296537007 77 0.046434106836711224 80 0.06845705573685108 86 0.0468027769025899 121 0.03932929932786329 137 0.02893763632944342 160 0.02844522307768241 199 0.029422745322405373 205 0.04465861862050611 
72 8 22 0.034289169172833985 41 0.06560280561111952 44 0.06103390696830072 57 0.06941352109586685 111 0.02065093835797031 148 0.04051538439393 182 0.03609512346017891 195 0.035032827280555415 
73 21 3 0.05332614287309714 21 0.05050504849376606 33 0.01797755576394548 39 0.017933188635355774 58 0.04398045031617895 79 0.03894029182013033 93 0.07157159682083715 95 0.052428508118019475 96 0.046722534415525055 97 0.05067124687502783 98 0.06981465826965924 110 0.04765565575357345 128 0.020749501188484145 132 0.047900607178943434 134 0.03078712607031826 139 0.048387686451457725 145 0.03609800290730719 150 0.026721462504043846 169 0.04548328719298249 177 0.03455106514572968 180 0.023072671309729717 
74 15 1 0.038968258207117266 38 0.05013257114822071 41 0.0521063402355251 42 0.057771389078684905 51 0.04587907811910195 61 0.041351397521694075 84 0.039949693194286366 99 0.04127602508272203 107 0.028032720629318584 113 0.051680248326695766 123 0.04208096137702597 131 0.038882128099040535 140 0.0336831694063647 142 0.04959483504293024 191 0.035658887203528604 
75 8 16 0.09096088989477079 29 0.07344962375858587 35 0.035887049054131606 54 0.08112218464323638 56 0.047394212155888134 70 0.08749907328291322 143 0.033307558321276326 166 0.033304737203938985 
76 11 2 0.041263312849654024 5 0.0324429107075762 11 0.04072206126259224 60 0.04624111385367962 68 0.04735742885006022 71 0.0319355296537007 77 0.06279148370878564 86 0.044706618001746766 118 0.05242523326678216 121 0.03114908531268317 137 0.023239149723302897 
77 14 11 0.060771030517460155 35 0.05281464587256264 46 0.0630107039648182 60 0.060662982144233636 71 0.046434106836711224 76 0.06279148370878564 82 0.045320591433693234 86 0.0333010554514746 106 0.05702114933405379 141 0.038425280326347316 189 0.04574809105659951 200 0.043082847265588926 206 0.033814190217635404 210 0.0385225854353867 
78 10 26 0.04974815928945677 27 0.06615359442369385 30 0.06516638755718972 36 0.043853427909967484 42 0.04042349645158611 64 0.06633604687620907 101 0.056705943336906206 147 0.050015679894834436 154 0.024482377166175722 157 0.04437522149965882 
79 9 24 0.031809870028935976 39 0.04982017059750466 49 0.05434150016964638 73 0.03894029182013033 128 0.042347245348699526 134 0.039409703309813617 150 0.020495356431623816 180 0.03734998740452827 185 0.03432313414969094 
80 7 5 0.07067395369591115 10 0.0629664469717295 68 0.04104343762111902 71 0.06845705573685108 118 0.023347800867764553 121 0.04007003305092827 137 0.04580331304242782 
81 12 7 0.024612953172143782 23 0.02985155775610615 32 0.04725260565290011 47 0.04460757854441199 48 0.0398403316392339 57 0.043799123729926455 85 0.035006293731317 94 0.018703276963631867 103 0.05128470118118267 124 0.02336444409841731 127 0.03950506910009989 184 0.018106904723897903 
82 15 16 0.054822966484373875 35 0.059185983707661545 46 0.04517240956480034 68 0.06944798606165377 77 0.045320591433693234 86 0.04517720978358272 98 0.04920612540042441 106 0.018965864964157083 141 0.01642845618323506 149 0.031914708563497464 173 0.04783866746818421 192 0.04043426928399309 200 0.029331068624489958 206 0.03750705460459741 210 0.03466337498267091 
83 12 17 0.062113365787377965 24 0.06468950053318165 46 0.062992669473878 55 0.05765086506988849 58 0.0507604134555848 68 0.03900168550031213 86 0.05060493560064572 118 0.05418070685565986 130 0.03735443417448471 132 0.03364185917052348 197 0.038820689746836175 202 0.03924226318770949 
84 11 1 0.034242356039720694 38 0.023350963093826865 50 0.05351529411754673 51 0.04460051733081235 61 0.05993167483943534 74 0.039949693194286366 99 0.03428606457562196 123 0.045311740708978504 131 0.02306553639686211 142 0.04005621948189393 190 0.023434299411743117 
85 13 4 0.048733241811512173 7 0.048028562509562285 23 0.04280115989340501 57 0.0492969379679595 63 0.03287516688783121 81 0.035006293731317 89 0.05055851272834578 90 0.031760185872268254 94 0.025346693621765396 103 0.039770199002474076 127 0.026917613839064956 158 0.023770977306881207 183 0.024958735126686834 
86 10 68 0.03126196921468574 71 0.0468027769025899 76 0.044706618001746766 77 0.0333010554514746 82 0.04517720978358272 83 0.05060493560064572 118 0.053002506579229176 137 0.02722398000895876 141 0.03221704236364433 202 0.04829976913886337 
87 10 7 0.03134465127080526 13 0.018219682009974578 23 0.030462490784486197 31 0.03393480705158401 47 0.031890918992244464 48 0.024427477138105905 122 0.02475398168094955 124 0.03340803172268994 146 0.0394187212181025 193 0.0330597988653844 
88 12 4 0.018069600590219483 18 0.04669932998421826 28 0.040427594837046964 32 0.04092157103115847 37 0.028503382796335134 63 0.029711988230924084 90 0.03119232749239034 136 0.03710546437014227 144 0.017448423787879832 155 0.03565777225014024 178 0.01552965814816227 187 0.02959743006435977 
89 9 4 0.056525532271569354 18 0.06629708153156509 40 0.058643730195083205 53 0.04890613478540421 63 0.06321442084279226 85 0.05055851272834578 117 0.042676862554729654 168 0.04865669520678174 183 0.028781455021880602 
90 18 4 0.025547397214582292 23 0.03925785613822245 32 0.03277351975191495 63 0.019779317406601344 85 0.031760185872268254 88 0.03119232749239034 94 0.04036278301018328 112 0.024338169528855792 117 0.06509786816599217 136 0.04321843851401454 144 0.031617535427700766 155 0.04976073328757282 158 0.026593400217825098 168 0.05651650124198097 170 0.030607002208080516 178 0.026077815921265027 183 0.03203761623804639 209 0.03749814989869444 
91 9 9 0.03508777856465058 12 0.0422531483076101 19 0.0337935824408462 29 0.03282886722540109 56 0.0456089477699656 59 0.04456363779172418 109 0.05352215299814897 135 0.03660301831264117 161 0.03953936682926339 
92 7 17 0.05112043112307279 24 0.024017913500099877 49 0.05445886097404481 55 0.03949532484485964 116 0.054537670539471395 172 0.018474661715355663 185 0.030901575880728976 
93 9 3 0.04299269157715523 16 0.05307404388190044 21 0.05087726237317584 33 0.0649413094219257 45 0.027163675401161175 73 0.07157159682083715 98 0.04701343626690453 115 0.03843769788058443 139 0.04058356672989735 
94 10 7 0.02418083786955506 23 0.026787194569524827 47 0.043161440933597944 81 0.018703276963631867 85 0.025346693621765396 90 0.04036278301018328 112 0.026357027549883068 127 0.03867334553423597 170 0.03255183568262108 184 0.021135374295852803 
95 8 1 0.056506454030681046 8 0.05880044412773793 33 0.04489226714225672 39 0.05254308250249169 50 0.041023056654380996 73 0.052428508118019475 97 0.026242715946269993 171 0.03936899421966467 
96 11 6 0.04346531751777205 21 0.03514913184421782 39 0.0319998484554904 58 0.02241377565522267 65 0.030956642904234284 73 0.046722534415525055 115 0.04862206316536184 130 0.045245718073991595 132 0.04253536892907976 145 0.03595887102386496 194 0.032933188389118795 
97 8 1 0.04807628729027146 15 0.04127731036408209 34 0.04788140052295544 49 0.0402481159316456 73 0.05067124687502783 95 0.026242715946269993 125 0.0417098103099693 171 0.013585814857544124 
98 13 16 0.020769541774415368 45 0.06393876363229306 46 0.05201058190082066 73 0.06981465826965924 82 0.04920612540042441 93 0.04701343626690453 106 0.03333586437295857 143 0.060645694653909496 149 0.041270925088143756 166 0.05829448707676786 173 0.04511502315153015 175 0.02865359431633942 192 0.03773100623508548 
99 13 38 0.04752909246634463 42 0.04964379025455674 51 0.04568673458799765 66 0.02703847074254168 74 0.04127602508272203 84 0.03428606457562196 123 0.021823935362276337 131 0.04906651469789231 140 0.04073871587631157 142 0.018310207444286488 147 0.053995755070915544 157 0.06781580100355822 190 0.04417930020309219 
100 11 13 0.04361546200175605 18 0.03232792252728293 23 0.04749996216204291 32 0.04909983253292446 40 0.04198330500456726 53 0.04789519494304091 117 0.06353786933148221 146 0.04517215913822208 168 0.0550992419158787 208 0.039368526295537234 209 0.024614064456917845 
101 6 26 0.033135807742492675 36 0.05119881799471401 64 0.057381816134471735 78 0.056705943336906206 102 0.023350048721656736 154 0.03650705099553618 
102 7 14 0.05556317202178845 26 0.02294143520429955 27 0.054872254127644265 36 0.04407625437274709 64 0.04681699350242347 101 0.023350048721656736 154 0.044913334540219 
103 10 22 0.049887581902391294 44 0.0270826361841166 57 0.022625313043190057 63 0.04595044569742533 81 0.05128470118118267 85 0.039770199002474076 111 0.06095758419111965 127 0.032692885124214005 156 0.03210997318563659 158 0.03774472457437086 
104 13 5 0.03671377786346659 11 0.02799512101220936 12 0.03158286864075877 52 0.019922620990115363 59 0.036832419781208985 60 0.02539996301995579 105 0.04006750419374875 129 0.02750414597871459 160 0.018299400881029045 162 0.02202086595120387 165 0.03632377516996305 181 0.04190944477033251 205 0.0433873628732962 
105 8 2 0.036907548705177685 5 0.03597979583855631 37 0.02862544247386402 52 0.04747347418207158 60 0.03790479142572082 104 0.04006750419374875 129 0.03291779007846168 165 0.03285679362057503 
106 14 16 0.04397588806936118 35 0.06120471549438999 46 0.04722728999690757 77 0.05702114933405379 82 0.018965864964157083 98 0.03333586437295857 141 0.034726877559006344 143 0.06365322782484606 149 0.03240253769714308 166 0.06157754042744342 173 0.03754328630411802 175 0.04485638171767318 192 0.03948626469290624 200 0.02361028539687827 
107 13 30 0.048331483097244284 41 0.029685437917524694 44 0.05277143487765657 51 0.048219711254028005 61 0.04100914232173278 74 0.028032720629318584 113 0.036142286617576416 116 0.05065033039091347 140 0.027328127810272267 167 0.04038778377462079 176 0.02778512955515445 196 0.03741725642676145 207 0.031083396188432994 
108 15 19 0.0476159447265998 29 0.04864254618877527 35 0.04689142253130893 54 0.025436754084196385 56 0.04470766166891334 70 0.049551254870735875 109 0.04645805784664413 135 0.03880682796366894 143 0.055607882405577694 152 0.029699802067575474 153 0.04235637643134601 161 0.044139964764091155 166 0.057958646344287525 174 0.04713250356193443 189 0.03686336485118354 
109 9 19 0.04528859601391169 54 0.03161436915962069 62 0.03954855339006547 70 0.03031247400336569 91 0.05352215299814897 108 0.04645805784664413 135 0.028260301809494685 153 0.022771496646826924 174 0.05268501480977026 
110 7 8 0.03925027352861204 16 0.0382387478400376 33 0.04479072273795681 45 0.050973034567942575 73 0.04765565575357345 128 0.04002582156790625 180 0.03557715013193222 
111 8 22 0.0357419639561512 44 0.06703178077352281 57 0.07690775242973667 72 0.02065093835797031 103 0.06095758419111965 148 0.037995908222129074 182 0.04010526685722881 195 0.0224880905385199 
112 9 7 0.028974903852716172 13 0.031900628669588524 23 0.015794664838755645 32 0.023136447954525876 90 0.024338169528855792 94 0.026357027549883068 170 0.013165050259608346 184 0.03400952800071565 209 0.03757191551277695 
113 15 15 0.04277538744626287 41 0.05612369414502348 49 0.042623188038334564 61 0.04943533003282277 74 0.051680248326695766 107 0.036142286617576416 116 0.016557698796158322 120 0.041785045514600286 126 0.047119138696571965 140 0.043550545701120304 148 0.03556570032757146 151 0.04413809719283228 163 0.054322488115040625 188 0.03829072698686181 196 0.00532609064159471 
114 14 6 0.0391624928289743 17 0.03908176027524428 24 0.03789389781575622 55 0.0432032227285211 58 0.04256778867958576 65 0.04310234011542141 125 0.03539714096601249 130 0.05838416835000171 132 0.04470379912675544 133 0.032674905837940825 134 0.02530962986586689 150 0.03317611218337352 171 0.048821015426713944 185 0.02900577211408882 
115 11 3 0.030041499668424936 21 0.01668987793476812 33 0.04733996396395283 45 0.0272267678466681 93 0.03843769788058443 96 0.04862206316536184 139 0.023777495053322082 145 0.045513390562746905 169 0.04627386574313075 177 0.03020112423867726 201 0.021890256718027704 
116 13 15 0.03598659313533291 49 0.035704975384638224 61 0.05559566203319244 92 0.054537670539471395 107 0.05065033039091347 113 0.016557698796158322 120 0.046554697926139144 126 0.04438100976844432 148 0.03621590435145762 172 0.04245708361466155 188 0.0375504246704049 195 0.039957256442410834 196 0.01871047798848494 
117 7 18 0.04737922143237974 40 0.03889263529425835 53 0.03361257025130095 89 0.042676862554729654 90 0.06509786816599217 100 0.06353786933148221 168 0.021907607863360136 
118 7 17 0.06337623809653987 68 0.02377050199125712 76 0.05242523326678216 80 0.023347800867764553 83 0.05418070685565986 86 0.053002506579229176 202 0.04523011967471665 
119 10 1 0.042643283151702724 15 0.03219121122869967 25 0.023429173583361742 49 0.038683307672482375 61 0.03396000757653707 69 0.019899771894865366 148 0.05184540700448075 151 0.023940923342535822 182 0.05372093695170298 191 0.041224166047015044 
120 8 44 0.04732463299518149 113 0.041785045514600286 116 0.046554697926139144 126 0.033405292942525984 136 0.031104181185618574 156 0.03873336197256413 188 0.02185876759058182 196 0.03890602754991887 
121 8 5 0.03973191829618547 10 0.03501227961693712 11 0.045242655523867144 71 0.03932929932786329 76 0.03114908531268317 80 0.04007003305092827 137 0.03556836944483814 205 0.04174815416218134 
122 8 7 0.023177061533138008 13 0.02896315210536146 31 0.020578453938525115 47 0.010704501265605619 48 0.03216006853507324 87 0.02475398168094955 146 0.04212283613791168 208 0.028598651533127156 
123 10 42 0.031402419504109956 51 0.040445986014332816 66 0.02715476268271704 74 0.04208096137702597 84 0.045311740708978504 99 0.021823935362276337 140 0.040775234206513675 142 0.0262536588494303 147 0.03956465514890778 157 0.053115037156491046 
124 9 7 0.028659376394552023 14 0.03470786047960976 23 0.028217365013260724 48 0.024192114634783744 81 0.02336444409841731 87 0.03340803172268994 159 0.02236958071944596 164 0.026917793252026714 184 0.02239119673997057 
125 7 6 0.0471360711660694 20 0.037558832042352906 34 0.019035352120444153 65 0.04981158328965601 97 0.0417098103099693 114 0.03539714096601249 171 0.03438786089488497 
126 9 22 0.0542084430591927 37 0.050474478503171064 113 0.047119138696571965 116 0.04438100976844432 120 0.033405292942525984 148 0.04666507448663983 156 0.03440302421680009 188 0.039828008206008084 195 0.041997251339298144 
127 6 57 0.03866307238570437 81 0.03950506910009989 85 0.026917613839064956 94 0.03867334553423597 103 0.032692885124214005 158 0.04081716253628638 
128 11 16 0.039326327219905824 33 0.028156456660847193 39 0.03555098051938135 73 0.020749501188484145 79 0.042347245348699526 110 0.04002582156790625 139 0.036700284595007376 149 0.032008514820711285 150 0.034183281005427724 180 0.0221022673113941 197 0.038802389923153796 
129 14 5 0.0370610206303543 11 0.025097884098983465 12 0.03705406776021843 52 0.029400839139339052 60 0.01666301032000027 104 0.02750414597871459 105 0.03291779007846168 138 0.03868695207885465 152 0.04284605548296608 160 0.032944571473430335 162 0.011824164615404174 165 0.042116979847747565 179 0.023155867064915618 199 0.03073109429064084 
130 11 6 0.046159374595010426 39 0.05867232261238867 58 0.02979061901336542 65 0.0459499058990085 83 0.03735443417448471 96 0.045245718073991595 114 0.05838416835000171 132 0.03575245976002715 133 0.04970840026669351 186 0.06225487167500047 197 0.039172436404858624 
131 8 1 0.0417475819083645 38 0.018521072309328573 51 0.03565027810909218 61 0.050561205725967034 74 0.038882128099040535 84 0.02306553639686211 99 0.04906651469789231 190 0.04165405472441895 
132 11 39 0.04380845960054302 58 0.02464425045345905 73 0.047900607178943434 83 0.03364185917052348 96 0.04253536892907976 114 0.04470379912675544 130 0.03575245976002715 133 0.05077094062655902 134 0.03062143020880922 186 0.08025997008286537 197 0.030498230353529228 
133 8 6 0.032025839871991806 17 0.029485725301101946 58 0.048219410326586935 65 0.04350179245594511 114 0.032674905837940825 130 0.04970840026669351 132 0.05077094062655902 186 0.05548731041308776 
134 9 39 0.02489692698676309 58 0.025419017687538598 65 0.03912685811141731 73 0.03078712607031826 79 0.039409703309813617 114 0.02530962986586689 132 0.03062143020880922 150 0.019918429214846968 194 0.03309305809904456 
135 10 19 0.03494396537453489 29 0.03478797068210138 54 0.025682103028792456 56 0.047409208445430104 91 0.03660301831264117 108 0.03880682796366894 109 0.028260301809494685 152 0.039453936651374595 153 0.03346372353664112 161 0.042519830202689055 
136 8 28 0.03205145660702892 32 0.03280417233734897 63 0.030312850757299867 88 0.03710546437014227 90 0.04321843851401454 120 0.031104181185618574 188 0.04880357923010793 203 0.023017499664517715 
137 8 11 0.04548018040923539 68 0.03445336159697715 71 0.02893763632944342 76 0.023239149723302897 80 0.04580331304242782 86 0.02722398000895876 121 0.03556836944483814 141 0.05411123749273948 
138 11 11 0.033206164378540313 12 0.02319771118400386 29 0.035285005167540406 52 0.034974250499537354 59 0.022152578870058403 60 0.03832234274369602 129 0.03868695207885465 152 0.042546144719196835 161 0.03292152874872055 199 0.024599532509868738 204 0.03505303618326469 
139 9 3 0.04725012067600526 21 0.02753157750514028 45 0.0416532364460301 73 0.048387686451457725 93 0.04058356672989735 115 0.023777495053322082 128 0.036700284595007376 197 0.029788846972364388 201 0.038134047708055556 
140 9 42 0.04352697254994785 51 0.03872802243904428 74 0.0336831694063647 99 0.04073871587631157 107 0.027328127810272267 113 0.043550545701120304 123 0.040775234206513675 167 0.036515504064574954 176 0.04328420182190263 
141 11 46 0.04367049406290842 68 0.05750144284871254 77 0.038425280326347316 82 0.01642845618323506 86 0.03221704236364433 106 0.034726877559006344 137 0.05411123749273948 149 0.035329759283899906 200 0.03891395756409667 206 0.03865517175811808 210 0.030985349331941376 
142 9 8 0.04216249082020282 50 0.047349323470745046 66 0.029161592192949455 74 0.04959483504293024 84 0.04005621948189393 99 0.018310207444286488 123 0.0262536588494303 147 0.05538903086642216 190 0.046177536725069177 
143 10 16 0.05927807879317464 35 0.03265949654422777 56 0.0654404472451215 75 0.033307558321276326 98 0.060645694653909496 106 0.06365322782484606 108 0.055607882405577694 166 0.0057876453606692585 173 0.0442856568929632 175 0.03755491949606517 
144 12 4 0.012086407421093284 18 0.04130349025695296 37 0.039725163287311675 53 0.03925407118742782 63 0.03339247445993525 88 0.017448423787879832 90 0.031617535427700766 155 0.023423976940049676 158 0.041758339042612384 178 0.018190171181577827 183 0.04163938888886104 187 0.03246445792126419 
145 11 3 0.037820596312039996 21 0.04006526810638128 33 0.026473681752228424 39 0.026277898746027168 73 0.03609800290730719 96 0.03595887102386496 115 0.045513390562746905 169 0.03311149261564714 177 0.0315965316869031 194 0.028307697433274104 201 0.04097003090852387 
146 8 13 0.031399648690079926 31 0.029020648168544157 47 0.043788121317161914 62 0.03868796062659307 87 0.0394187212181025 100 0.04517215913822208 122 0.04212283613791168 193 0.04201198188852504 
147 8 42 0.03728171242191691 51 0.04814114301374225 66 0.052855163053879536 78 0.050015679894834436 99 0.053995755070915544 123 0.03956465514890778 142 0.05538903086642216 157 0.02379142552658484 
148 12 22 0.026080697322382614 72 0.04051538439393 111 0.037995908222129074 113 0.03556570032757146 116 0.03621590435145762 119 0.05184540700448075 126 0.04666507448663983 151 0.0433836895031097 156 0.04432281078397208 182 0.0324389605304214 195 0.024550966656163645 196 0.033620661092990826 
149 12 16 0.038289570133189 46 0.021141572188450017 82 0.031914708563497464 98 0.041270925088143756 106 0.03240253769714308 128 0.032008514820711285 141 0.035329759283899906 175 0.050416421539867064 192 0.026631749871216748 197 0.037446064081176206 198 0.032305980776841485 200 0.042131899305682126 
150 8 39 0.03279300219828244 73 0.026721462504043846 79 0.020495356431623816 114 0.03317611218337352 128 0.034183281005427724 134 0.019918429214846968 180 0.03679595668147684 185 0.038807552547132446 
151 9 15 0.042103118521954995 25 0.043679415512944464 61 0.019111204386686707 69 0.03692556071480172 113 0.04413809719283228 119 0.023940923342535822 148 0.0433836895031097 182 0.041125858570811774 191 0.041989019083928866 
152 10 19 0.04044839888495541 29 0.037679048437233964 54 0.03200452923165696 108 0.029699802067575474 129 0.04284605548296608 135 0.039453936651374595 138 0.042546144719196835 161 0.03212510688501877 179 0.02658121542317426 189 0.02939652388135188 
153 8 54 0.04058260622054333 56 0.048264451499786434 62 0.05081803748102346 70 0.03772319766443514 108 0.04235637643134601 109 0.022771496646826924 135 0.03346372353664112 174 0.057437117410068135 
154 7 26 0.036302253148703396 36 0.03712503267066742 42 0.04980864824933962 78 0.024482377166175722 101 0.03650705099553618 102 0.044913334540219 157 0.050426296631256716 
155 8 4 0.028156379310863937 18 0.04744703066685328 37 0.05220562965726559 53 0.04055122523823593 88 0.03565777225014024 90 0.04976073328757282 144 0.023423976940049676 181 0.04288490149230611 
156 9 22 0.041983302372821316 44 0.023031384753850758 57 0.03684042263660627 103 0.03210997318563659 120 0.03873336197256413 126 0.03440302421680009 148 0.04432281078397208 196 0.043044845674850646 207 0.041400071421453744 
157 6 42 0.03713139475619203 78 0.04437522149965882 99 0.06781580100355822 123 0.053115037156491046 147 0.02379142552658484 154 0.050426296631256716 
158 8 4 0.03230970500216011 63 0.02601799718682488 85 0.023770977306881207 90 0.026593400217825098 103 0.03774472457437086 127 0.04081716253628638 144 0.041758339042612384 183 0.022733070325989743 
159 8 14 0.019608495945839525 27 0.025186032875303632 30 0.03698290973757133 36 0.03559949127679932 48 0.03211019714518619 64 0.023405207919554832 124 0.02236958071944596 164 0.020441837291765966 
160 8 11 0.028031122088118268 12 0.03751852171212688 52 0.018203339864845607 60 0.021320072372976485 71 0.02844522307768241 104 0.018299400881029045 129 0.032944571473430335 204 0.03726138887729461 
161 9 29 0.013991011494342388 56 0.026867069377135813 91 0.03953936682926339 108 0.044139964764091155 135 0.042519830202689055 138 0.03292152874872055 152 0.03212510688501877 189 0.037310036994121824 204 0.04529650066812898 
162 11 11 0.02179287395801349 12 0.02674379797706257 52 0.02508294449164345 59 0.030272424494530777 60 0.020688487287183626 104 0.02202086595120387 129 0.011824164615404174 165 0.04388721863465899 179 0.032749123711940005 181 0.04476543453168716 199 0.024843775947208917 
163 3 0 0.02497153633921748 37 0.0501614147151831 113 0.054322488115040625 
164 8 14 0.037413447187051946 27 0.04171229029893879 30 0.03387535239822581 57 0.042006784448864555 64 0.03910292981967325 124 0.026917793252026714 159 0.020441837291765966 203 0.038489759383006805 
165 7 5 0.013662199116519853 11 0.044001325316569244 60 0.04235467344507694 104 0.03632377516996305 105 0.03285679362057503 129 0.042116979847747565 162 0.04388721863465899 
166 9 16 0.058124002009744616 35 0.03292962799108061 75 0.033304737203938985 98 0.05829448707676786 106 0.06157754042744342 108 0.057958646344287525 143 0.0057876453606692585 173 0.045126393388900815 175 0.035930651537083025 
167 9 30 0.030183122714340562 41 0.03940462849152535 42 0.04346378391078035 44 0.0423044638905013 51 0.04597472747210753 107 0.04038778377462079 140 0.036515504064574954 176 0.0271948903808118 207 0.026542428507681532 
168 7 18 0.041423916363650254 40 0.01976188310942912 53 0.028666568249934243 89 0.04865669520678174 90 0.05651650124198097 100 0.0550992419158787 117 0.021907607863360136 
169 8 3 0.032234227610683834 33 0.035914223720463184 39 0.047251272280466106 45 0.03677468619059915 73 0.04548328719298249 115 0.04627386574313075 145 0.03311149261564714 177 0.033634796271175514 
170 9 7 0.029415112738437596 13 0.028038267006014878 23 0.01586101842152331 32 0.015817468232336457 90 0.030607002208080516 94 0.03255183568262108 112 0.013165050259608346 184 0.03539052401237817 203 0.03553164597962256 
171 8 15 0.03299897549012097 34 0.03776176725829106 49 0.032215759847570434 95 0.03936899421966467 97 0.013585814857544124 114 0.048821015426713944 125 0.03438786089488497 191 0.040985821724889605 
172 7 2 0.04391930665829799 24 0.032169811929889686 49 0.0434738608482662 55 0.04374776715323131 92 0.018474661715355663 116 0.04245708361466155 185 0.027118280469316015 
173 10 16 0.05006614843848781 35 0.049386914558144486 82 0.04783866746818421 98 0.04511502315153015 106 0.03754328630411802 143 0.0442856568929632 166 0.045126393388900815 175 0.042413854706410965 200 0.019523092800077763 206 0.04439745324223876 
174 5 54 0.04695653960671349 70 0.02878757651868915 108 0.04713250356193443 109 0.05268501480977026 153 0.057437117410068135 
175 8 16 0.022655376678684353 98 0.02865359431633942 106 0.04485638171767318 143 0.03755491949606517 149 0.050416421539867064 166 0.035930651537083025 173 0.042413854706410965 192 0.030835981710109196 
176 8 30 0.0337612135180289 41 0.014500304586163191 44 0.035899011181494994 57 0.04459684302980334 107 0.02778512955515445 140 0.04328420182190263 167 0.0271948903808118 207 0.017413452615979506 
177 9 21 0.03341263667751316 33 0.035499159255696904 39 0.031728353432248564 73 0.03455106514572968 115 0.03020112423867726 145 0.0315965316869031 169 0.033634796271175514 194 0.031415236957665384 201 0.02042152927714929 
178 8 4 0.02237160232893302 32 0.036759807797189396 37 0.038397915870999534 63 0.02577926487509281 88 0.01552965814816227 90 0.026077815921265027 144 0.018190171181577827 187 0.027607599506407718 
179 7 11 0.03916341505289435 52 0.03729447083833187 60 0.023812609110452996 129 0.023155867064915618 152 0.02658121542317426 162 0.032749123711940005 189 0.04087806468891902 
180 7 33 0.02844356090314791 39 0.03996650736962484 73 0.023072671309729717 79 0.03734998740452827 110 0.03557715013193222 128 0.0221022673113941 150 0.03679595668147684 
181 7 9 0.04376540978314906 12 0.04563115411511366 52 0.04835406311848788 67 0.03768008486939521 104 0.04190944477033251 155 0.04288490149230611 162 0.04476543453168716 
182 8 22 0.03634116411421188 61 0.05292175552145883 72 0.03609512346017891 111 0.04010526685722881 119 0.05372093695170298 148 0.0324389605304214 151 0.041125858570811774 195 0.03404270387498652 
183 7 4 0.037451674543167376 63 0.037085898999767115 85 0.024958735126686834 89 0.028781455021880602 90 0.03203761623804639 144 0.04163938888886104 158 0.022733070325989743 
184 7 7 0.022761141556657673 23 0.02415175089800659 81 0.018106904723897903 94 0.021135374295852803 112 0.03400952800071565 124 0.02239119673997057 170 0.03539052401237817 
185 7 24 0.02460717402164699 55 0.03562890904841797 79 0.03432313414969094 92 0.030901575880728976 114 0.02900577211408882 150 0.038807552547132446 172 0.027118280469316015 
186 7 6 0.055054675413380286 17 0.07844493453516074 58 0.07282067396790493 65 0.0629886832893438 130 0.06225487167500047 132 0.08025997008286537 133 0.05548731041308776 
187 8 4 0.03856580291844128 18 0.02439476840584099 53 0.03836312143745514 67 0.036766553695710635 88 0.02959743006435977 144 0.03246445792126419 178 0.027607599506407718 209 0.03847413190547777 
188 6 113 0.03829072698686181 116 0.0375504246704049 120 0.02185876759058182 126 0.039828008206008084 136 0.04880357923010793 196 0.03751133929682232 
189 9 35 0.030691079711614645 56 0.048418209880669784 77 0.04574809105659951 108 0.03686336485118354 152 0.02939652388135188 161 0.037310036994121824 179 0.04087806468891902 206 0.029993674157392337 210 0.027607256321513174 
190 7 1 0.022551814397151326 38 0.04394195696467075 50 0.0404600416236777 84 0.023434299411743117 99 0.04417930020309219 131 0.04165405472441895 142 0.046177536725069177 
191 7 1 0.03102855267022381 15 0.02458028544451483 49 0.02462025520955969 74 0.035658887203528604 119 0.041224166047015044 151 0.041989019083928866 171 0.040985821724889605 
192 9 16 0.026434741248394865 46 0.027014715401479157 82 0.04043426928399309 98 0.03773100623508548 106 0.03948626469290624 149 0.026631749871216748 175 0.030835981710109196 200 0.04370317611352918 210 0.035811579307381325 
193 7 13 0.043349575588661246 14 0.0432395359739426 27 0.03934977713904729 48 0.0448556851281615 64 0.043251176039250314 87 0.0330597988653844 146 0.04201198188852504 
194 7 39 0.025607480018502046 58 0.03405250849338936 65 0.031382984467572254 96 0.032933188389118795 134 0.03309305809904456 145 0.028307697433274104 177 0.031415236957665384 
195 7 22 0.03709698160278917 72 0.035032827280555415 111 0.0224880905385199 116 0.039957256442410834 126 0.041997251339298144 148 0.024550966656163645 182 0.03404270387498652 
196 7 107 0.03741725642676145 113 0.00532609064159471 116 0.01871047798848494 120 0.03890602754991887 148 0.033620661092990826 156 0.043044845674850646 188 0.03751133929682232 
197 7 58 0.03709504973671742 83 0.038820689746836175 128 0.038802389923153796 130 0.039172436404858624 132 0.030498230353529228 139 0.029788846972364388 149 0.037446064081176206 
198 2 46 0.01995541807761656 149 0.032305980776841485 
199 9 11 0.010702750247565613 12 0.031073333241193244 60 0.025181294095096226 71 0.029422745322405373 129 0.03073109429064084 138 0.024599532509868738 162 0.024843775947208917 204 0.038881693752244796 205 0.03819589009273134 
200 9 77 0.043082847265588926 82 0.029331068624489958 106 0.02361028539687827 141 0.03891395756409667 149 0.042131899305682126 173 0.019523092800077763 192 0.04370317611352918 206 0.03487035033702735 210 0.037836911035268 
201 7 3 0.039889508276911394 21 0.027705854305591096 45 0.03918701696702132 115 0.021890256718027704 139 0.038134047708055556 145 0.04097003090852387 177 0.02042152927714929 
202 7 17 0.0338695928732315 24 0.03551780510288485 55 0.03055071627270619 68 0.03593882110157415 83 0.03924226318770949 86 0.04829976913886337 118 0.04523011967471665 
203 6 28 0.01953599315480972 32 0.024515965245056726 63 0.04235813788790213 136 0.023017499664517715 164 0.038489759383006805 170 0.03553164597962256 
204 6 12 0.037855376959805655 59 0.040036241831856036 138 0.03505303618326469 160 0.03726138887729461 161 0.04529650066812898 199 0.038881693752244796 
205 7 10 0.02605717615570151 11 0.040855920840103276 59 0.044520334393734734 71 0.04465861862050611 104 0.0433873628732962 121 0.04174815416218134 199 0.03819589009273134 
206 8 35 0.024487947231679328 77 0.033814190217635404 82 0.03750705460459741 141 0.03865517175811808 173 0.04439745324223876 189 0.029993674157392337 200 0.03487035033702735 210 0.02291146628413454 
207 7 41 0.02197512122299652 44 0.02939552950473534 57 0.042027607894376214 107 0.031083396188432994 156 0.041400071421453744 167 0.026542428507681532 176 0.017413452615979506 
208 7 7 0.04024834004275745 13 0.04049988759102167 23 0.042928786767622636 31 0.033848369259753645 47 0.0321333668792101 100 0.039368526295537234 122 0.028598651533127156 
209 7 18 0.023302841625902095 40 0.031248043387015253 53 0.030156051080996157 90 0.03749814989869444 100 0.024614064456917845 112 0.03757191551277695 187 0.03847413190547777 
210 7 77 0.0385225854353867 82 0.03466337498267091 141 0.030985349331941376 189 0.027607256321513174 192 0.035811579307381325 200 0.037836911035268 206 0.02291146628413454 
-
0 0
1 0
2 0
3 0
4 2 0.37637362637362637 0.41895604395604397 0.5164835164835165 0.5975274725274725
5 1 0.7005494505494505 0.7101648351648352
6 0
7 0
8 3 0.046703296703296704 0.06043956043956044 0.14697802197802198 0.1936813186813187 0.9244505494505495 0.989010989010989
9 0
10 0
11 0
12 0
13 0
14 0
15 0
16 0
17 0
18 3 0.3447802197802198 0.45054945054945056 0.4848901098901099 0.6291208791208791 0.6620879120879121 0.6675824175824175
19 0
20 0
21 4 0.3585164835164835 0.3626373626373626 0.43543956043956045 0.4381868131868132 0.49725274725274726 0.5 0.614010989010989 0.6167582417582418
22 0
23 2 0.33791208791208793 0.4642857142857143 0.47115384615384615 0.6428571428571429
24 2 0.364010989010989 0.4326923076923077 0.5027472527472527 0.6112637362637363
25 0
26 0
27 0
28 0
29 0
30 0
31 0
32 2 0.3557692307692308 0.4423076923076923 0.49313186813186816 0.6208791208791209
33 0
34 0
35 0
36 0
37 0
38 0
39 0
40 3 0.04532967032967033 0.05357142857142857 0.1620879120879121 0.17994505494505494 0.9491758241758241 0.9711538461538461
41 0
42 0
43 0
44 0
45 0
46 0
47 0
48 2 0.3557692307692308 0.4423076923076923 0.49313186813186816 0.6208791208791209
49 0
50 0
51 0
52 0
53 0
54 0
55 0
56 0
57 0
58 0
59 0
60 0
61 0
62 0
63 0
64 2 0.34615384615384615 0.4532967032967033 0.48214285714285715 0.6318681318681318
65 0
66 3 0.04532967032967033 0.0989010989010989 0.14285714285714285 0.20604395604395603 0.9189560439560439 0.9931318681318682
67 0
68 0
69 0
70 0
71 0
72 0
73 2 0.35714285714285715 0.4409340659340659 0.4945054945054945 0.6195054945054945
74 0
75 0
76 1 0.3282967032967033 0.6840659340659341
77 0
78 0
79 0
80 0
81 0
82 0
83 0
84 0
85 0
86 0
87 0
88 3 0.32142857142857145 0.36126373626373626 0.4381868131868132 0.49725274725274726 0.6167582417582418 0.7032967032967034
89 0
90 2 0.3695054945054945 0.4258241758241758 0.5096153846153846 0.6043956043956044
91 0
92 0
93 0
94 0
95 0
96 0
97 0
98 0
99 0
100 0
101 0
102 0
103 0
104 0
105 0
106 0
107 0
108 0
109 0
110 0
111 0
112 2 0.37637362637362637 0.4175824175824176 0.5178571428571429 0.5961538461538461
113 0
114 0
115 0
116 0
117 0
118 0
119 0
120 0
121 0
122 0
123 0
124 0
125 0
126 0
127 0
128 0
129 0
130 0
131 0
132 1 0.32554945054945056 0.6868131868131868
133 0
134 0
135 0
136 3 0.3901098901098901 0.40384615384615385 0.5315934065934066 0.5453296703296703 0.5686813186813187 0.5824175824175825
137 0
138 0
139 0
140 0
141 0
142 0
143 0
144 0
145 0
146 0
147 0
148 0
149 0
150 0
151 0
152 0
153 0
154 1 0.04395604395604396 0.04807692307692308
155 0
156 0
157 0
158 0
159 0
160 0
161 0
162 0
163 0
164 0
165 1 0.6648351648351648 0.7019230769230769
166 0
167 0
168 0
169 1 0.046703296703296704 0.2032967032967033
170 0
171 0
172 0
173 0
174 0
175 0
176 0
177 1 0.04807692307692308 0.21016483516483517
178 0
179 1 0.885989010989011 0.8942307692307693
180 2 0.35302197802197804 0.44642857142857145 0.489010989010989 0.625
181 0
182 0
183 0
184 0
185 0
186 0
187 0
188 0
189 0
190 0
191 0
192 0
193 0
194 0
195 0
196 0
197 0
198 0
199 0
200 0
201 0
202 0
203 0
204 0
205 0
206 0
207 0
208 2 0.34065934065934067 0.46016483516483514 0.47527472527472525 0.6387362637362637
209 5 0.34203296703296704 0.36538461538461536 0.4326923076923077 0.45467032967032966 0.4807692307692308 0.5027472527472527 0.6112637362637363 0.6332417582417582 0.6607142857142857 0.6964285714285714
210 0
-
