0 4 1 0.10038663538364866 2 0.05550568523986818 4 0.09890066874116389 5 0.08808951423884158 
1 3 0 0.10038663538364866 3 0.12057485781998177 8 0.07871025694480878 
2 5 0 0.05550568523986818 4 0.09509740419054084 5 0.036930048778459894 6 0.11840035692101328 10 0.09464722082140013 
3 3 1 0.12057485781998177 6 0.09593775646465705 8 0.06999551372208528 
4 4 0 0.09890066874116389 2 0.09509740419054084 7 0.07696188973564876 9 0.07404776470528275 
5 4 0 0.08808951423884158 2 0.036930048778459894 9 0.08630787566717411 10 0.06329953447179894 
6 2 2 0.11840035692101328 3 0.09593775646465705 
7 1 4 0.07696188973564876 
8 2 1 0.07871025694480878 3 0.06999551372208528 
9 3 4 0.07404776470528275 5 0.08630787566717411 10 0.10402542685981185 
10 3 2 0.09464722082140013 5 0.06329953447179894 9 0.10402542685981185 
-
0 0
1 0
2 0
3 0
4 2 0.37637362637362637 0.41895604395604397 0.5164835164835165 0.5975274725274725
5 1 0.7005494505494505 0.7101648351648352
6 0
7 0
8 3 0.046703296703296704 0.06043956043956044 0.14697802197802198 0.1936813186813187 0.9244505494505495 0.989010989010989
9 0
10 0
-
